381454356932861952	negative	@Vilinthril so wird das nix mit meiner Stimme für die Piraten ;-)	@Vilinthril so werden die nix mit mein Stimme für die Pirat ;-)	NN ADV VAFIN ART PIS APPR PPOSAT NN APPR ART NN $(	0/-- 3/MO 1/-- 3/SB 3/MO 3/MO 8/NK 6/NK 8/MNR 11/NK 9/NK 11/--	case=nom|gender=neut|num=sg Sentiment::markable_296::Sarcasm=false|Sentiment::markable_296::Intensity=medium|Sentiment::markable_296::Sentiment=True|Sentiment::markable_296::Polarity=negative pers=3|num=sg|tense=pres|mood=ind|Sentiment::markable_296::Sentiment=True case=nom|gender=neut|num=sg|Sentiment::markable_296::Sentiment=True gender=neut|*=True|Sentiment::markable_296::Sentiment=True|Negation::markable_299::Negation=True|Negation::markable_299::EmoExpressionRef=empty Sentiment::markable_296::Sentiment=True case=dat|gender=fem|num=sg|Sentiment::markable_296::Sentiment=True case=dat|EmoExpression::markable_298::Sarcasm=false|EmoExpression::markable_298::Uncertain=false|EmoExpression::markable_298::Polarity=positive|gender=fem|EmoExpression::markable_298::SubjectiveFact=false|num=sg|EmoExpression::markable_298::Intensity=medium|Sentiment::markable_296::Sentiment=True|EmoExpression::markable_298::EmoExpression=True Sentiment::markable_296::Sentiment=True case=acc|num=pl|Target::markable_297::Target=True|Target::markable_297::Preferred=true|Sentiment::markable_296::Sentiment=True|Target::markable_297::Anaphref=empty|gender=fem case=acc|gender=fem|num=pl|Target::markable_297::Target=True|Sentiment::markable_296::Sentiment=True EmoExpression::markable_1::SubjectiveFact=false|EmoExpression::markable_1::EmoExpression=True|EmoExpression::markable_1::Uncertain=false|EmoExpression::markable_1::Polarity=positive|EmoExpression::markable_1::Sarcasm=false|Sentiment::markable_296::Sentiment=True|EmoExpression::markable_1::Intensity=medium
384725173254905856	mixed	@ProSieben das ist doch ein Tippfehler . Eig. müsste es heissen : Mehr Geld für alle !! #ironieOff ;-)	@ProSieben die sein doch eine Tippfehler . Eig. müssen es heißen : mehr Geld für alle !! #ironieOff ;-)	NN PDS VAFIN ADV ART NN $. NN VMFIN PPER VVINF $. PIAT NN APPR PIAT ADJA NN $(	0/-- 3/SB 1/-- 3/MO 6/NK 3/PD 6/-- 11/MO 7/-- 9/SB 10/RE 11/-- 14/NK 17/OA 17/MO 15/NK 9/OC 17/-- 18/--	_ case=nom|gender=neut|num=sg pers=3|num=sg|tense=pres|mood=ind _ case=nom|gender=masc|num=sg case=nom|EmoExpression::markable_100500483::Polarity=negative|EmoExpression::markable_100500483::Intensity=weak|gender=masc|EmoExpression::markable_100500483::SubjectiveFact=false|EmoExpression::markable_100500483::EmoExpression=True|EmoExpression::markable_100500483::Uncertain=false|num=sg|EmoExpression::markable_100500483::Sarcasm=false _ _ pers=3|num=sg|tense=pres|mood=subj case=nom|gender=neut|num=sg|pers=3 _ _ *=True case=acc|gender=neut|num=sg _ case=acc|gender=neut|num=pl case=acc|gender=neut|num=pl|pos=True case=nom|gender=masc|num=sg case=nom|EmoExpression::markable_2::SubjectiveFact=false|EmoExpression::markable_2::Polarity=positive|gender=masc|EmoExpression::markable_2::Uncertain=false|EmoExpression::markable_2::Intensity=medium|num=sg|EmoExpression::markable_2::Sarcasm=false|EmoExpression::markable_2::EmoExpression=True
378888893443375104	positive	@jmbverlag Meine Tochter ist 5 und hat #Piraten angekreuzt . Schon alleine wegen des Namens :-)	@jmbverlag mein Tochter sein 5 und haben #Piraten ankreuzen . schon alleine wegen die Name :-)	NN PPOSAT NN VAFIN CARD KON VAFIN NN VVPP $. ADV ADV APPR ART NN $(	0/-- 3/NK 4/SB 1/-- 4/MO 4/CD 6/CJ 9/OA 7/OC 9/-- 12/MO 13/MO 10/-- 15/NK 13/NK 15/--	case=nom|gender=masc|num=sg case=nom|Source::markable_290::Source=True|Source::markable_290::Anaphref=empty|Source::markable_293::Anaphref=empty|gender=fem|Sentiment::markable_290::Sentiment=True|Sentiment::markable_290::Sarcasm=false|num=sg|Source::markable_293::Source=True|Sentiment::markable_290::Polarity=positive|Sentiment::markable_290::Intensity=medium case=nom|num=sg|Source::markable_293::Source=True|gender=fem|Source::markable_290::Source=True|Sentiment::markable_290::Sentiment=True pers=3|num=sg|tense=pres|mood=ind|Sentiment::markable_290::Sentiment=True Sentiment::markable_290::Sentiment=True Sentiment::markable_290::Sentiment=True pers=3|num=sg|tense=pres|mood=ind|Sentiment::markable_290::Sentiment=True case=acc|num=sg|Target::markable_292::Anaphref=empty|gender=masc|Sentiment::markable_290::Sentiment=True|Target::markable_292::Preferred=true|Target::markable_292::Target=True Sentiment::markable_290::Sentiment=True Sentiment::markable_290::Sentiment=True Sentiment::markable_293::Sentiment=True|Sentiment::markable_293::Polarity=positive|Sentiment::markable_293::Intensity=medium|Sentiment::markable_293::Sarcasm=false Sentiment::markable_293::Sentiment=True Sentiment::markable_293::Sentiment=True case=gen|Target::markable_294::Preferred=true|num=sg|Target::markable_294::Anaphref=empty|gender=masc|Target::markable_294::Target=True|Sentiment::markable_293::Sentiment=True case=gen|gender=masc|num=sg|Sentiment::markable_293::Sentiment=True|Target::markable_294::Target=True EmoExpression::markable_3::Intensity=medium|EmoExpression::markable_3::SubjectiveFact=false|EmoExpression::markable_3::EmoExpression=True|EmoExpression::markable_3::Polarity=positive|Sentiment::markable_293::Sentiment=True|EmoExpression::markable_3::Sarcasm=false|EmoExpression::markable_3::Uncertain=false
379286021516443650	negative	@ziesmannmedia @inuido @ZDF @CSU Pssst , das ist doch höhere Mathematik . ;-)	@ziesmannmedia @inuido @ZDF @CSU Pssst , die sein doch hoch Mathematik . ;-)	NN NE NE NN NN $, PDS VAFIN ADV ADJA NN $. $(	0/-- 1/-- 2/-- 3/-- 7/RE 5/-- 8/SB 4/-- 8/MO 11/NK 8/PD 11/-- 12/--	case=nom|gender=neut|num=pl case=nom|gender=neut|num=sg case=nom|Sentiment::markable_4::Sentiment=True|Sentiment::markable_4::Sarcasm=true|*=True|Sentiment::markable_4::Polarity=negative|Target::markable_6::Target=True|num=sg|Target::markable_6::Preferred=true|Sentiment::markable_4::Intensity=weak|Target::markable_6::Anaphref=empty case=nom|gender=fem|Target::markable_6::Target=True|num=sg|Sentiment::markable_4::Sentiment=True case=nom|gender=fem|Target::markable_6::Target=True|num=sg|Sentiment::markable_4::Sentiment=True Sentiment::markable_4::Sentiment=True|Target::markable_6::Target=True case=nom|gender=neut|Target::markable_6::Target=True|num=sg|Sentiment::markable_4::Sentiment=True pers=3|Sentiment::markable_4::Sentiment=True|Target::markable_6::Target=True|num=sg|tense=pres|mood=ind Sentiment::markable_4::Sentiment=True|Target::markable_6::Target=True case=acc|Sentiment::markable_4::Sentiment=True|Target::markable_6::Target=True|num=sg|comp=True|gender=fem case=acc|gender=fem|Target::markable_6::Target=True|num=sg|Sentiment::markable_4::Sentiment=True Sentiment::markable_4::Sentiment=True Sentiment::markable_4::Sentiment=True|EmoExpression::markable_5::Intensity=medium|EmoExpression::markable_5::Sarcasm=true|EmoExpression::markable_5::SubjectiveFact=false|EmoExpression::markable_5::EmoExpression=True|EmoExpression::markable_5::Uncertain=false|EmoExpression::markable_5::Polarity=positive
373173132783153152	positive	RT @alios : Nächste Woche unterschreiben die Europäischen Piraten das Manifesto zur Gründung der PP - EU :) http://t.co/rKFnBRqU8j	RT @alios : nah Woche unterschreiben die europäisch Pirat die Manifesto zu Gründung die PP - EU :) http://t.co/rKFnBRqU8j	NE NE $. ADJA NN VVFIN ART ADJA NN ART NN APPRART NN ART ADJA $( NN ADJA NN	2/PNC 0/-- 2/-- 5/NK 6/MO 3/-- 9/NK 9/NK 6/SB 11/NK 6/OA 11/MNR 12/NK 17/NK 17/NK 15/-- 13/AG 19/NK 17/NK	case=nom|*=True|num=sg case=nom|*=True|num=sg _ case=acc|gender=fem|num=sg|pos=True case=acc|gender=fem|num=sg pers=3|num=pl|tense=pres|mood=ind case=acc|gender=fem|num=pl case=acc|gender=fem|num=pl|pos=True case=acc|gender=fem|num=pl case=acc|gender=neut|num=sg case=acc|gender=neut|num=sg case=dat|gender=fem|num=sg case=dat|gender=fem|num=sg case=gen|gender=fem|num=sg case=gen|gender=fem|num=sg _ case=nom|gender=fem|num=sg case=nom|EmoExpression::markable_7::EmoExpression=True|EmoExpression::markable_7::Uncertain=false|EmoExpression::markable_7::Intensity=medium|EmoExpression::markable_7::SubjectiveFact=false|gender=fem|EmoExpression::markable_7::Sarcasm=false|pos=True|EmoExpression::markable_7::Polarity=positive|num=sg case=nom|gender=fem|num=sg
372721805464571904	positive	ja , hier auch so ;-) RT @DieMone37 : Die #CSU abgeschlagen hinter der #CDU ... ;-)	ja , hier auch so ;-) RT @DieMone37 : die #CSU abschlagen hinter die #CDU ... ;-)	ADV $, ADV ADV ADV $( NE CARD $. ART NN VVPP APPR ART NN $. $(	5/DM 1/-- 5/MO 5/MO 7/MO 5/-- 0/-- 7/NK 8/-- 11/NK 12/SB 9/-- 12/MO 15/NK 13/NK 15/-- 16/--	_ _ _ _ _ EmoExpression::markable_8::SubjectiveFact=false|EmoExpression::markable_8::Intensity=medium|EmoExpression::markable_8::Polarity=positive|EmoExpression::markable_8::Sarcasm=false|EmoExpression::markable_8::EmoExpression=True|EmoExpression::markable_8::Uncertain=false _ _ _ case=nom|Target::markable_12::Target=True|Sentiment::markable_10::Sentiment=True|gender=fem|Sentiment::markable_10::Intensity=medium|Sentiment::markable_10::Polarity=positive|num=sg|Target::markable_12::Anaphref=empty|Sentiment::markable_10::Sarcasm=false|Target::markable_12::Preferred=true case=nom|gender=fem|Target::markable_12::Target=True|num=sg|Sentiment::markable_10::Sentiment=True EmoExpression::markable_300::SubjectiveFact=false|Target::markable_12::Target=True|EmoExpression::markable_300::Intensity=medium|Sentiment::markable_10::Sentiment=True|EmoExpression::markable_300::Uncertain=false|EmoExpression::markable_300::EmoExpression=True|EmoExpression::markable_300::Sarcasm=false|EmoExpression::markable_300::Polarity=negative Target::markable_12::Target=True|Sentiment::markable_10::Sentiment=True case=dat|gender=fem|Target::markable_12::Target=True|num=sg|Sentiment::markable_10::Sentiment=True case=dat|gender=fem|Target::markable_12::Target=True|num=sg|Sentiment::markable_10::Sentiment=True Sentiment::markable_10::Sentiment=True EmoExpression::markable_11::Intensity=medium|EmoExpression::markable_11::Sarcasm=false|EmoExpression::markable_11::SubjectiveFact=false|EmoExpression::markable_11::Polarity=positive|Sentiment::markable_10::Sentiment=True|EmoExpression::markable_11::EmoExpression=True|EmoExpression::markable_11::Uncertain=false
373239015765336064	mixed	K2 Athena - Nur der linke Fuss knickt um von Phlox : Hallo :) Nach etwa zehnjähriger Pause habe ich mir heute ... http://t.co/dkHedh8aCL	K2 Athena - nur die links Fuß knicken um von Phlox : hallo :) nach etwa zehnjährig Pause haben ich ich heute ... http://t.co/dkHedh8aCL	NE NE $( ADV ART ADJA NN VVFIN APPR APPR NN $. ITJ NN APPR ADV ADJA NN VAFIN PPER PRF ADV $. NN	2/PNC 0/-- 4/-- 7/MO 7/NK 7/NK 8/SB 2/-- 10/AC 8/MO 10/NK 11/-- 14/NK 11/APP 14/MNR 17/MO 18/NK 15/NK 8/CJ 19/SB 22/DA 19/OC 22/-- 23/--	*=True case=nom|gender=neut|num=sg _ _ case=nom|gender=masc|num=sg case=nom|gender=masc|num=sg|pos=True case=nom|gender=masc|num=sg EmoExpression::markable_100500513::Uncertain=false|mood=ind|EmoExpression::markable_100500513::SubjectiveFact=false|pers=3|EmoExpression::markable_100500513::EmoExpression=True|num=sg|tense=pres|EmoExpression::markable_100500513::Sarcasm=false|EmoExpression::markable_100500513::Polarity=negative|EmoExpression::markable_100500513::Intensity=medium EmoExpression::markable_100500513::EmoExpression=True _ case=dat|gender=masc|num=sg _ case=dat|gender=masc|num=sg case=dat|EmoExpression::markable_13::EmoExpression=True|gender=masc|num=sg|EmoExpression::markable_13::Polarity=positive|EmoExpression::markable_13::Uncertain=false|EmoExpression::markable_13::Intensity=medium|EmoExpression::markable_13::Sarcasm=false|EmoExpression::markable_13::SubjectiveFact=false _ _ case=dat|gender=fem|num=sg|pos=True case=dat|gender=fem|num=sg pers=1|num=sg|tense=pres|mood=ind case=nom|*=True|num=sg|pers=1 case=dat|*=True|num=sg|pers=1 _ _ case=nom|gender=fem|num=sg
357579539154599936	negative	@netz4ktivisten Was erwartest du ? Bayern ist die #CSU und die #CSU ist Bayern :(	@netz4ktivisten was erwarten du ? Bayern sein die #CSU und die #CSU sein Bayern :(	NN PIS VVFIN PPER $. NE VAFIN ART NN KON ART NN VAFIN NE ADJA	0/-- 3/OA 1/-- 3/SB 4/-- 7/SB 5/-- 9/NK 7/SB 7/CD 12/NK 13/SB 10/CJ 13/SB 13/MO	case=nom|gender=masc|num=pl case=nom|gender=neut|num=sg pers=2|num=sg|tense=pres|mood=ind *=True _ case=nom|Sentiment::markable_14::Sentiment=True|Sentiment::markable_14::Polarity=negative|Target::markable_16::Target=True|gender=neut|Target::markable_16::Anaphref=empty|Sentiment::markable_14::Intensity=medium|num=sg|Target::markable_16::Preferred=true|Sentiment::markable_14::Sarcasm=false pers=3|Sentiment::markable_14::Sentiment=True|num=sg|tense=pres|mood=ind|Target::markable_16::Target=True case=nom|gender=fem|Sentiment::markable_14::Sentiment=True|num=sg|Target::markable_16::Target=True case=nom|gender=fem|Sentiment::markable_14::Sentiment=True|num=sg|Target::markable_16::Target=True Sentiment::markable_14::Sentiment=True|Target::markable_16::Target=True case=nom|gender=fem|Sentiment::markable_14::Sentiment=True|num=sg|Target::markable_16::Target=True case=nom|gender=fem|Sentiment::markable_14::Sentiment=True|num=sg|Target::markable_16::Target=True pers=3|Sentiment::markable_14::Sentiment=True|num=sg|tense=pres|mood=ind|Target::markable_16::Target=True case=nom|gender=neut|Sentiment::markable_14::Sentiment=True|num=sg|Target::markable_16::Target=True EmoExpression::markable_15::Polarity=negative|Sentiment::markable_14::Sentiment=True|EmoExpression::markable_15::Intensity=medium|EmoExpression::markable_15::EmoExpression=True|EmoExpression::markable_15::SubjectiveFact=false|EmoExpression::markable_15::Sarcasm=false|EmoExpression::markable_15::Uncertain=false
371194895031365632	positive	RT @airjibeer : 1042  schon da ... direkt vor dem infostand der #grünen :-) #s21 http://t.co/n4ru0pRkEr	RT @airjibeer : @card@ schon da ... direkt vor die Infostand die #grünen :-) #s21 http://t.co/n4ru0pRkEr	NE ADJD $. CARD ADV ADV $. ADJD APPR ART NN ART NN $( CARD NN	0/-- 1/PD 2/-- 3/-- 6/MO 4/PNC 6/-- 9/MO 15/MO 11/NK 9/NK 13/NK 11/AG 13/-- 16/NK 7/--	case=nom|*=True|num=sg case=nom|*=True|num=sg _ _ _ _ _ pos=True _ case=dat|gender=neut|num=sg case=dat|gender=neut|num=sg case=gen|gender=fem|num=pl case=gen|gender=fem|num=pl EmoExpression::markable_17::SubjectiveFact=false|EmoExpression::markable_17::Polarity=positive|EmoExpression::markable_17::EmoExpression=True|EmoExpression::markable_17::Sarcasm=false|EmoExpression::markable_17::Uncertain=false|EmoExpression::markable_17::Intensity=medium _ gender=masc|*=True
381364631236644865	positive	RT @mib303 : CDU hat angefragt , ob man mich zum Ballon basteln buchen kann . Ich kann doch gar keine Lemminge . :-) #piraten	RT @mib303 : CDU haben anfragen , ob man ich zu Ballon basteln buchen können . ich können doch gar keine Lemminge . :-) #piraten	NE NN $. NE VAFIN VVPP $, KOUS PIS PRF APPRART NN VVINF VVINF VMFIN $. PPER VMFIN ADV ADV PIAT NN $. $( NN	2/SB 0/-- 2/-- 5/SB 3/-- 5/OC 6/-- 15/CP 15/SB 13/OA 13/MO 11/NK 14/OC 15/OC 6/OC 15/-- 18/SB 16/-- 18/MO 21/MO 22/NK 18/SB 22/-- 25/-- 23/--	case=nom|*=True|num=sg case=nom|*=True|num=sg _ case=nom|gender=fem|num=sg pers=3|num=sg|tense=pres|mood=ind _ _ _ case=nom|*=True|num=sg case=acc|*=True|num=sg|pers=1 case=dat|gender=neut|num=sg case=dat|gender=neut|num=sg _ _ pers=3|num=sg|tense=pres|mood=ind _ case=nom|*=True|num=sg|pers=1 pers=1|num=sg|tense=pres|mood=ind _ _ case=acc|gender=fem|num=sg case=acc|gender=fem|num=sg _ EmoExpression::markable_18::EmoExpression=True|EmoExpression::markable_18::SubjectiveFact=false|EmoExpression::markable_18::Uncertain=false|EmoExpression::markable_18::Polarity=positive|EmoExpression::markable_18::Sarcasm=false|EmoExpression::markable_18::Intensity=medium pers=3|num=pl|tense=past|mood=ind
381818542225494017	negative	RT @s3sebastian : Das Wahlergebnis riecht nach Vorratsdatenspeicherung #btw13 :-(	RT @s3sebastian : die Wahlergebnis riechen nach Vorratsdatenspeicherung #btw13 :-(	NE NE $. ART NN VVFIN APPR NN CARD $(	2/PNC 0/-- 2/-- 5/NK 6/SB 3/-- 6/MO 7/NK 6/MO 9/--	case=nom|*=True|num=sg case=nom|*=True|num=sg _ case=nom|Target::markable_21::Target=True|Target::markable_21::Anaphref=empty|gender=neut|Sentiment::markable_20::Intensity=medium|num=sg|Sentiment::markable_20::Sentiment=True|Sentiment::markable_20::Sarcasm=false|Sentiment::markable_20::Polarity=negative|Target::markable_21::Preferred=true case=nom|gender=neut|num=sg|Target::markable_21::Target=True|Sentiment::markable_20::Sentiment=True pers=3|num=sg|tense=pres|mood=ind|Target::markable_21::Target=True|Sentiment::markable_20::Sentiment=True Target::markable_21::Target=True|Sentiment::markable_20::Sentiment=True case=dat|gender=fem|num=sg|Target::markable_21::Target=True|Sentiment::markable_20::Sentiment=True Sentiment::markable_20::Sentiment=True EmoExpression::markable_19::EmoExpression=True|EmoExpression::markable_19::Uncertain=false|Sentiment::markable_20::Sentiment=True|EmoExpression::markable_19::Intensity=medium|EmoExpression::markable_19::Sarcasm=false|EmoExpression::markable_19::SubjectiveFact=false|EmoExpression::markable_19::Polarity=negative
377538254427258880	positive	RT @ze3t : Der #Sachsenspiegel begleitet @Altstadtpirat und @Fl0range auf Wahlkampf im Regen :) http://t.co/pXWCthMyuU #DresdenOrange #Pirat …	RT @ze3t : die #Sachsenspiegel begleiten @Altstadtpirat und @Fl0range auf Wahlkampf in Regen :) http://t.co/pXWCthMyuU #DresdenOrange #Pirat …	NE ADJD $. ART NN VVFIN NN KON NN APPR NN APPRART NN ADJA NN ADJA NN ADJD	0/-- 1/PD 2/-- 5/NK 6/SB 3/-- 6/OA 9/JU 7/-- 16/MO 10/NK 11/MNR 12/NK 15/NK 13/AG 17/NK 9/-- 17/PD	case=nom|*=True|num=sg case=nom|*=True|num=sg _ case=nom|gender=masc|num=sg case=nom|gender=masc|num=sg pers=3|num=sg|tense=pres|mood=ind case=acc|gender=neut|num=sg _ case=nom|gender=masc|num=pl _ case=acc|gender=masc|num=sg case=dat|gender=neut|num=sg case=dat|gender=neut|num=sg case=gen|EmoExpression::markable_22::Uncertain=false|EmoExpression::markable_22::Intensity=medium|EmoExpression::markable_22::Sarcasm=false|gender=masc|pos=True|EmoExpression::markable_22::EmoExpression=True|num=pl|EmoExpression::markable_22::SubjectiveFact=false|EmoExpression::markable_22::Polarity=positive case=gen|gender=masc|num=pl case=nom|gender=fem|num=sg|pos=True case=nom|gender=fem|num=sg _
382116848201777152	negative	@DerTimsen Die Grünen sind ja auch nicht Fleisch und Fisch . Und auf mehr lässt sich die CDU auch nicht ein . :)	@DerTimsen die Grüne sein ja auch nicht Fleisch und Fisch . und auf mehr lassen sich die CDU auch nicht ein . :)	NN ART NN VAFIN ADV ADV PTKNEG NN KON NN $. KON APPR ADV VVFIN PRF ART NE ADV PTKNEG PTKVZ $. ADJA	0/-- 3/NK 4/SB 1/-- 4/MO 8/MO 8/NG 4/SB 8/CD 9/CJ 10/-- 15/JU 15/MO 13/NK 11/-- 15/OA 18/NK 15/SB 15/MO 15/NG 15/SVP 21/-- 22/--	_ case=nom|Target::markable_302::Anaphref=empty|Sentiment::markable_301::Intensity=medium|Sentiment::markable_301::Sarcasm=false|Sentiment::markable_301::Sentiment=True|*=True|Target::markable_302::Target=True|num=pl|Target::markable_302::Preferred=true|Sentiment::markable_301::Polarity=negative case=nom|*=True|num=pl|Target::markable_302::Target=True|Sentiment::markable_301::Sentiment=True pers=3|Sentiment::markable_301::Sentiment=True|num=pl|tense=pres|mood=ind Sentiment::markable_301::Sentiment=True Sentiment::markable_301::Sentiment=True EmoExpression::markable_100500514::EmoExpression=True|EmoExpression::markable_100500514::Intensity=medium|EmoExpression::markable_100500514::Uncertain=false|EmoExpression::markable_100500514::SubjectiveFact=false|EmoExpression::markable_100500514::Polarity=negative|EmoExpression::markable_100500514::Sarcasm=false|Sentiment::markable_301::Sentiment=True case=nom|gender=neut|num=sg|Sentiment::markable_301::Sentiment=True|EmoExpression::markable_100500514::EmoExpression=True EmoExpression::markable_100500514::EmoExpression=True|Sentiment::markable_301::Sentiment=True case=nom|gender=neut|num=sg|Sentiment::markable_301::Sentiment=True|EmoExpression::markable_100500514::EmoExpression=True Sentiment::markable_301::Sentiment=True _ _ _ mood=ind|EmoExpression::markable_100500515::Intensity=weak|pers=3|num=sg|tense=pres|EmoExpression::markable_100500515::EmoExpression=True|EmoExpression::markable_100500515::Uncertain=false|EmoExpression::markable_100500515::Polarity=positive|EmoExpression::markable_100500515::Sarcasm=false|EmoExpression::markable_100500515::SubjectiveFact=false case=acc|pers=3|num=sg|EmoExpression::markable_100500515::EmoExpression=True case=nom|gender=fem|num=sg case=nom|gender=fem|num=sg _ _ EmoExpression::markable_100500515::EmoExpression=True _ EmoExpression::markable_23::SubjectiveFact=false|EmoExpression::markable_23::Intensity=medium|EmoExpression::markable_23::EmoExpression=True|EmoExpression::markable_23::Polarity=positive|EmoExpression::markable_23::Uncertain=false|EmoExpression::markable_23::Sarcasm=false
375345686994513920	positive	RT @Memet_Kilic : Seehofer " Ich bin ein Architekt der Energiewende " . Ja Horst , du bist auch Kaiser von China :) #tvduell #ltwby13 #Horst	RT @Memet_Kilic : Seehofer " ich sein eine Architekt die Energiewende " . ja Horst , du sein auch Kaiser von China :) #tvduell #ltwby13 #Horst	NE NN $. NE $( PPER VAFIN ART NN ART NN $( $. ADV NE $, PPER VAFIN ADV NN APPR NE ADJA NN CARD NN	2/SB 0/-- 2/-- 7/SB 4/-- 7/SB 3/-- 9/NK 7/PD 11/NK 9/AG 11/-- 12/-- 15/MO 13/-- 15/-- 18/SB 15/RS 20/MO 18/PD 20/PG 24/AG 24/NK 21/NK 26/NK 18/MO	case=nom|*=True|num=sg case=nom|*=True|num=sg _ case=nom|*=True|num=sg _ case=nom|*=True|num=sg|pers=1 pers=1|num=sg|tense=pres|mood=ind case=nom|gender=masc|num=sg case=nom|gender=masc|num=sg case=gen|gender=fem|num=sg case=gen|gender=fem|num=sg _ _ Sentiment::markable_24::Intensity=medium|Sentiment::markable_24::Sarcasm=true|Sentiment::markable_24::Polarity=positive|Sentiment::markable_24::Sentiment=True case=nom|Sentiment::markable_24::Sentiment=True|num=sg|gender=masc|Target::markable_26::Target=True|Target::markable_26::Preferred=true|Target::markable_26::Anaphref=empty Sentiment::markable_24::Sentiment=True case=nom|pers=2|num=sg|Sentiment::markable_24::Sentiment=True|*=True|Target::markable_26::Target=True pers=2|Sentiment::markable_24::Sentiment=True|num=sg|tense=pres|mood=ind|Target::markable_26::Target=True Sentiment::markable_24::Sentiment=True|Target::markable_26::Target=True case=nom|gender=masc|num=sg|Target::markable_26::Target=True|Sentiment::markable_24::Sentiment=True Sentiment::markable_24::Sentiment=True|Target::markable_26::Target=True case=dat|gender=neut|num=sg|Target::markable_26::Target=True|Sentiment::markable_24::Sentiment=True case=dat|EmoExpression::markable_25::Polarity=positive|gender=neut|pos=True|EmoExpression::markable_25::EmoExpression=True|Sentiment::markable_24::Sentiment=True|EmoExpression::markable_25::Intensity=medium|num=sg|EmoExpression::markable_25::Sarcasm=true|EmoExpression::markable_25::SubjectiveFact=false|EmoExpression::markable_25::Uncertain=false case=dat|gender=neut|num=sg _ pers=2|num=sg|tense=pres|mood=ind
373759052226265088	positive	So saucool : Die Foto - Lovestory mit einem How - To - Briefwahl der @jusos_mg http://t.co/WDa4byzJRe :-) #spd +	so saucool : die Foto - Lovestory mit eine How - To - Briefwahl die @jusos_mg http://t.co/WDa4byzJRe :-) #spd +	ADV ADJD $. ART NN $( NN APPR ART ADJA $( NE $( NN ART ADJA NN $( NN KON	2/MO 5/PD 2/-- 5/NK 0/-- 5/-- 5/APP 7/MNR 14/NK 14/NK 10/-- 14/NK 12/-- 8/NK 16/NK 14/AG 16/-- 17/-- 17/CJ 19/CD	Intensifier::markable_307::Intensifier=True|Sentiment::markable_304::Polarity=positive|Intensifier::markable_307::Degree=medium|Sentiment::markable_304::Sentiment=True|Sentiment::markable_304::Sarcasm=false|Intensifier::markable_307::EmoExpressionRef=emo-expression:markable_306|Sentiment::markable_304::Intensity=strong EmoExpression::markable_306::EmoExpression=True|EmoExpression::markable_306::Polarity=positive|Sentiment::markable_304::Sentiment=True|pos=True|EmoExpression::markable_306::Sarcasm=false|EmoExpression::markable_306::Intensity=strong|EmoExpression::markable_306::SubjectiveFact=false|EmoExpression::markable_306::Uncertain=false Sentiment::markable_304::Sentiment=True case=nom|num=sg|Target::markable_305::Target=True|Target::markable_305::Preferred=true|Sentiment::markable_304::Sentiment=True|Target::markable_305::Anaphref=empty|gender=fem case=nom|gender=fem|num=sg|Target::markable_305::Target=True|Sentiment::markable_304::Sentiment=True Target::markable_305::Target=True|Sentiment::markable_304::Sentiment=True case=nom|gender=fem|num=sg|Target::markable_305::Target=True|Sentiment::markable_304::Sentiment=True Target::markable_305::Target=True|Sentiment::markable_304::Sentiment=True case=dat|gender=masc|num=sg|Target::markable_305::Target=True|Sentiment::markable_304::Sentiment=True case=dat|num=sg|Target::markable_305::Target=True|Sentiment::markable_304::Sentiment=True|gender=masc|pos=True Target::markable_305::Target=True|Sentiment::markable_304::Sentiment=True case=dat|gender=masc|num=sg|Target::markable_305::Target=True|Sentiment::markable_304::Sentiment=True Target::markable_305::Target=True|Sentiment::markable_304::Sentiment=True case=dat|gender=fem|num=sg|Target::markable_305::Target=True|Sentiment::markable_304::Sentiment=True case=gen|gender=fem|num=sg case=gen|gender=fem|num=sg case=nom|gender=masc|num=pl case=nom|EmoExpression::markable_308::Uncertain=false|Sentiment::markable_304::Sentiment=True|gender=masc|EmoExpression::markable_308::EmoExpression=True|EmoExpression::markable_308::Sarcasm=false|num=pl|EmoExpression::markable_308::SubjectiveFact=false|EmoExpression::markable_308::Polarity=positive|EmoExpression::markable_308::Intensity=medium case=nom|gender=masc|num=pl _
381585246585905152	mixed	Nehm ich ! “ @gikmainz : In Hessen verliert CDU 10 % , SPD gewinnt 14 % , FDP verliert 10%  u kommt auf 8,8 - Grüne bei 10,7 . Linke 23,7 :-)) #Raab ”	Nehm ich ! “ @gikmainz : in Hessen verlieren CDU 10 % , SPD gewinnen 14 % , FDP verlieren @card@ U kommen auf @card@ - Grüne bei @card@ . link @card@ :-)) #Raab ”	VVFIN PPER $. ADJA NN $. APPR NE VVFIN NE CARD NN $, NE VVFIN CARD NN $, NE VVFIN CARD NN VVFIN APPR CARD $( NN APPR CARD $. ADJA CARD NN ADV ADJA	0/-- 1/SB 2/-- 5/NK 3/-- 5/-- 9/MO 7/NK 6/-- 9/SB 12/NK 9/OA 12/-- 15/SB 9/CJ 17/NK 15/OA 17/-- 20/SB 15/CJ 22/NK 23/SB 20/PD 23/MO 27/NK 25/-- 24/NK 23/MO 33/NK 29/-- 33/NK 33/NK 28/NK 35/MO 23/MO	pers=1|num=sg|tense=pres|mood=ind case=nom|*=True|num=sg|pers=1 _ case=nom|gender=fem|num=sg|pos=True case=nom|gender=fem|num=sg _ _ case=dat|gender=neut|num=sg EmoExpression::markable_309::EmoExpression=True|mood=ind|pers=3|num=sg|tense=pres|EmoExpression::markable_309::Polarity=negative|EmoExpression::markable_309::Intensity=weak|EmoExpression::markable_309::Uncertain=false|EmoExpression::markable_309::Sarcasm=false|EmoExpression::markable_309::SubjectiveFact=false case=nom|gender=fem|num=sg _ gender=neut|*=True _ case=nom|gender=fem|num=sg EmoExpression::markable_310::Polarity=positive|mood=ind|EmoExpression::markable_310::EmoExpression=True|EmoExpression::markable_310::Intensity=medium|EmoExpression::markable_310::Sarcasm=false|pers=3|num=sg|tense=pres|EmoExpression::markable_310::SubjectiveFact=false|EmoExpression::markable_310::Uncertain=false _ gender=neut|*=True _ case=nom|gender=fem|num=sg mood=ind|EmoExpression::markable_311::Uncertain=false|pers=3|EmoExpression::markable_311::Polarity=negative|num=sg|tense=pres|EmoExpression::markable_311::Sarcasm=false|EmoExpression::markable_311::SubjectiveFact=false|EmoExpression::markable_311::Intensity=weak|EmoExpression::markable_311::EmoExpression=True _ _ pers=3|num=sg|tense=pres|mood=ind _ _ _ case=nom|*=True|num=pl _ _ _ case=acc|gender=masc|num=pl|pos=True _ case=acc|gender=masc|EmoExpression::markable_27::EmoExpression=True|EmoExpression::markable_27::Uncertain=false|num=pl|EmoExpression::markable_27::Intensity=medium|EmoExpression::markable_27::SubjectiveFact=false|EmoExpression::markable_27::Polarity=positive|EmoExpression::markable_27::Sarcasm=false _ case=acc|gender=masc|num=pl|pos=True
382563418533670912	positive	RT @ZDF : Markus #Lanz hat heute ( 22.45 Uhr ) mal wieder Wolfgang Kubicki ( FDP ) zu Gast ;-)	RT @ZDF : Markus #Lanz haben heute ( @card@ Uhr ) mal wieder Wolfgang Kubicki ( FDP ) zu Gast ;-)	NE NE $. NE NN VAFIN ADV $( CARD NN $( ADV ADV NE NE $( NE $( APPR NN $(	2/PNC 0/-- 2/-- 5/PNC 6/SB 3/-- 6/MO 7/-- 10/NK 6/OA 10/-- 15/MO 15/MO 15/PNC 10/PAR 15/-- 15/PAR 17/-- 10/MNR 19/NK 20/--	case=nom|*=True|num=sg case=nom|*=True|num=sg _ case=nom|gender=masc|num=sg case=nom|gender=masc|num=sg pers=3|num=sg|tense=pres|mood=ind _ _ _ case=nom|gender=fem|num=sg _ _ _ case=nom|gender=masc|num=sg case=nom|gender=masc|num=sg _ case=nom|gender=fem|num=sg _ _ case=dat|gender=masc|num=sg EmoExpression::markable_28::Intensity=medium|EmoExpression::markable_28::Sarcasm=false|EmoExpression::markable_28::SubjectiveFact=false|EmoExpression::markable_28::Polarity=positive|EmoExpression::markable_28::EmoExpression=True|EmoExpression::markable_28::Uncertain=false
378591413564620800	negative	@BlauesWunder_13 hmm ... kann den tweet nicht mehr finden :( . okay , wiegesagt , eigene meinung ... #AfD + #BlauesWunder	@BlauesWunder_13 hmm ... können die tweet nicht mehr finden :( . Okay , wiegesagt , eigen Meinung ... #AfD + #BlauesWunder	CARD NN $. VMFIN ART ADJA PTKNEG ADV VVFIN ADJD $. NE $, ADJD $, ADJA NN $. NN KON NN	0/-- 1/-- 2/-- 3/-- 6/NK 4/SB 4/NG 7/MO 4/OC 9/MO 10/-- 9/SB 12/-- 17/NK 14/-- 17/NK 12/APP 17/-- 18/-- 19/CD 20/CJ	_ case=nom|gender=masc|num=sg _ Sentiment::markable_29::Polarity=negative|Sentiment::markable_29::Intensity=medium|Target::markable_31::Target=True|Target::markable_31::Preferred=true|mood=ind|Sentiment::markable_29::Sentiment=True|Sentiment::markable_29::Sarcasm=false|Target::markable_31::Anaphref=empty|pers=3|num=sg|tense=pres case=acc|gender=masc|Target::markable_31::Target=True|num=sg|Sentiment::markable_29::Sentiment=True pers=3|num=sg|tense=pres|mood=ind|Sentiment::markable_29::Sentiment=True|Target::markable_31::Target=True Target::markable_31::Target=True|Sentiment::markable_29::Sentiment=True Target::markable_31::Target=True|Sentiment::markable_29::Sentiment=True Target::markable_31::Target=True|EmoExpression::markable_100500516::SubjectiveFact=false|Sentiment::markable_29::Sentiment=True|EmoExpression::markable_100500516::Uncertain=false|EmoExpression::markable_100500516::Intensity=weak|EmoExpression::markable_100500516::Sarcasm=false|EmoExpression::markable_100500516::Polarity=positive|EmoExpression::markable_100500516::EmoExpression=True EmoExpression::markable_30::EmoExpression=True|EmoExpression::markable_30::Uncertain=false|EmoExpression::markable_30::Intensity=medium|Sentiment::markable_29::Sentiment=True|EmoExpression::markable_30::SubjectiveFact=false|EmoExpression::markable_30::Polarity=negative|EmoExpression::markable_30::Sarcasm=false Sentiment::markable_29::Sentiment=True _ _ _ _ case=acc|gender=fem|num=sg|pos=True case=acc|gender=fem|num=sg _ _ _ _
372078334332526592	positive	@hope_no1 Unser Park , unser Geld , unsere Stadt ! - NICHT unser Finanzminister ! ;-))) #schmid #spd #s21 #btw13	@hope_no1 unser Park , unser Geld , unser Stadt ! - nicht unser Finanzminister ! ;-))) #schmid #spd #s21 #btw13	NN PPOSAT NN $, PPOSAT NN $, PPOSAT NN $. $( PTKNEG PPOSAT NN $. ADJA NN ADJD CARD CARD	0/-- 3/NK 1/-- 3/-- 6/NK 3/CJ 6/-- 9/NK 6/CJ 9/-- 12/-- 14/NG 14/NK 10/-- 14/-- 17/NK 15/-- 20/MO 20/NMC 17/NK	case=nom|gender=fem|num=sg case=nom|gender=masc|num=sg case=nom|gender=masc|num=sg _ case=acc|gender=neut|num=sg case=acc|gender=neut|num=sg _ case=acc|gender=fem|num=sg case=acc|gender=fem|num=sg _ _ Sentiment::markable_312::Sentiment=True|Negation::markable_315::EmoExpressionRef=emo-expression:markable_314|Sentiment::markable_312::Polarity=positive|Sentiment::markable_312::Intensity=medium|Sentiment::markable_312::Sarcasm=false|Negation::markable_315::Negation=True case=nom|EmoExpression::markable_314::Intensity=medium|EmoExpression::markable_314::Polarity=positive|EmoExpression::markable_314::Uncertain=false|gender=masc|Sentiment::markable_312::Sentiment=True|EmoExpression::markable_314::SubjectiveFact=false|num=sg|EmoExpression::markable_314::Sarcasm=false|EmoExpression::markable_314::EmoExpression=True case=nom|Sentiment::markable_312::Sentiment=True|num=sg|Target::markable_313::Anaphref=empty|gender=masc|Target::markable_313::Preferred=true|Target::markable_313::Target=True Sentiment::markable_312::Sentiment=True Sentiment::markable_312::Sentiment=True|EmoExpression::markable_32::Intensity=strong|EmoExpression::markable_32::Polarity=positive|EmoExpression::markable_32::Sarcasm=false|EmoExpression::markable_32::SubjectiveFact=false|EmoExpression::markable_32::Uncertain=false|EmoExpression::markable_32::EmoExpression=True case=nom|gender=neut|num=sg|Sentiment::markable_312::Sentiment=True|Target::markable_313::Target=True case=nom|gender=neut|num=sg _ _
378532990315683840	mixed	“ @fraubauerfeind : Wenn @peersteinbrueck sich für den #Stinkefinger nicht entschuldigt , wähle ich SPD ! ” ... das is doch mal ne Ansage ! ;-)	“ @fraubauerfeind : wenn @peersteinbrueck sich für die #Stinkefinger nicht entschuldigen , wählen ich SPD ! ” ... die is doch mal eine Ansage ! ;-)	ADJA NN $. KOUS NN PRF APPR ART NN PTKNEG VVPP $, VVFIN PPER NE $. NN $. ART NE ADV ADV ART NN $. $(	2/NK 0/-- 2/-- 5/CD 3/-- 11/OA 11/MO 9/NK 7/NK 11/NG 13/MO 11/-- 5/-- 13/SB 13/OA 15/-- 16/-- 17/-- 20/NK 24/SB 24/MO 24/MO 24/NK 18/-- 24/-- 25/--	case=nom|gender=masc|num=sg|pos=True case=nom|gender=masc|num=sg _ _ case=nom|gender=masc|num=sg case=acc|pers=3|num=sg _ case=acc|gender=masc|num=sg case=acc|EmoExpression::markable_316::Polarity=negative|EmoExpression::markable_316::Intensity=medium|gender=masc|EmoExpression::markable_316::Uncertain=false|EmoExpression::markable_316::Sarcasm=false|EmoExpression::markable_316::SubjectiveFact=false|num=sg|EmoExpression::markable_316::EmoExpression=True _ _ _ pers=1|num=sg|tense=pres|mood=ind case=nom|*=True|num=sg|pers=1 case=acc|gender=fem|num=sg _ _ _ case=nom|gender=neut|num=sg case=nom|gender=neut|num=sg _ _ case=acc|gender=fem|EmoExpression::markable_100500517::SubjectiveFact=false|EmoExpression::markable_100500517::Uncertain=false|EmoExpression::markable_100500517::Intensity=medium|num=sg|EmoExpression::markable_100500517::EmoExpression=True|EmoExpression::markable_100500517::Polarity=positive|EmoExpression::markable_100500517::Sarcasm=false case=acc|gender=fem|num=sg|EmoExpression::markable_100500517::EmoExpression=True _ EmoExpression::markable_33::Sarcasm=false|EmoExpression::markable_33::Uncertain=false|EmoExpression::markable_33::Polarity=positive|EmoExpression::markable_33::EmoExpression=True|EmoExpression::markable_33::Intensity=medium|EmoExpression::markable_33::SubjectiveFact=false
371305819985678336	positive	RT @airjibeer : Hallo Frau Merkel , viele Grüße aus Stuttgart :) :) :) #s21 #ber #merkel #cdu #btw13 http://t.co/IbHzocVMgV	RT @airjibeer : hallo Frau Merkel , viele Gruß aus Stuttgart :) :) :) #s21 #ber #merkel #cdu #btw13 http://t.co/IbHzocVMgV	NE ADJD $. ITJ NN NE $, PIAT NN APPR NE ADJA NN ADJA NN ADJA NN NN CARD NN	0/-- 1/PD 2/-- 5/NK 3/-- 5/NK 6/-- 9/NK 6/CJ 9/MNR 10/NK 13/NK 9/CJ 15/NK 13/CJ 17/NK 15/AG 15/PAR 20/NK 18/OA	case=nom|*=True|num=sg case=nom|*=True|num=sg _ case=nom|gender=fem|num=sg case=nom|gender=fem|num=sg case=nom|gender=fem|num=sg _ case=acc|gender=masc|num=pl case=acc|gender=masc|num=pl _ case=dat|gender=neut|num=sg case=dat|EmoExpression::markable_34::SubjectiveFact=false|gender=neut|pos=True|EmoExpression::markable_34::Uncertain=false|EmoExpression::markable_34::Intensity=medium|num=sg|EmoExpression::markable_34::EmoExpression=True|EmoExpression::markable_34::Polarity=positive|EmoExpression::markable_34::Sarcasm=false case=dat|EmoExpression::markable_35::Uncertain=false|EmoExpression::markable_35::Intensity=medium|EmoExpression::markable_35::Sarcasm=false|gender=neut|EmoExpression::markable_35::EmoExpression=True|num=sg|EmoExpression::markable_35::SubjectiveFact=false|EmoExpression::markable_35::Polarity=positive case=dat|EmoExpression::markable_36::EmoExpression=True|gender=neut|pos=True|EmoExpression::markable_36::Intensity=medium|num=sg|EmoExpression::markable_36::SubjectiveFact=false|EmoExpression::markable_36::Uncertain=false|EmoExpression::markable_36::Polarity=positive|EmoExpression::markable_36::Sarcasm=false case=dat|gender=neut|num=sg case=gen|gender=neut|num=pl|pos=True case=gen|gender=neut|num=pl case=nom|gender=fem|num=sg case=nom|gender=fem|num=sg case=nom|gender=fem|num=sg
375286051708735488	positive	@TechJokerly Jap , werds mir wohl anschauen :-) @ProSieben	@TechJokerly Jap , werds ich wohl anschauen :-) @ProSieben	NN NN $, VVFIN PPER ADV VVINF $( ADJA	0/-- 7/OA 2/-- 1/-- 4/DA 4/MO 4/OC 7/-- 7/CJ	_ case=nom|gender=masc|num=sg _ pers=3|num=sg|tense=past|mood=ind case=dat|*=True|num=sg|pers=1 _ _ EmoExpression::markable_37::EmoExpression=True|EmoExpression::markable_37::Uncertain=false|EmoExpression::markable_37::Intensity=medium|EmoExpression::markable_37::Sarcasm=false|EmoExpression::markable_37::SubjectiveFact=false|EmoExpression::markable_37::Polarity=positive case=dat|*=True|num=pl|pos=True
378110436182208512	positive	@GrumpyPeer1 @MoviezKult Dazu muss man aber nicht die SPD wählen :-)	@GrumpyPeer1 @MoviezKult dazu müssen man aber nicht die SPD wählen :-)	CARD NN PAV VMFIN PIS ADV PTKNEG ART NE VVINF $(	0/-- 1/-- 9/NK 2/-- 4/SB 4/MO 4/NG 9/NK 10/OA 4/OC 10/--	_ _ _ pers=3|num=sg|tense=pres|mood=ind case=nom|*=True|num=sg _ _ case=nom|gender=fem|num=sg case=nom|gender=fem|num=sg _ EmoExpression::markable_38::Polarity=positive|EmoExpression::markable_38::Sarcasm=false|EmoExpression::markable_38::EmoExpression=True|EmoExpression::markable_38::SubjectiveFact=false|EmoExpression::markable_38::Uncertain=false|EmoExpression::markable_38::Intensity=medium
355447082435358721	positive	Die #FDP ist sowieso im nächsten #Bundestag nicht mehr vertreten ! >;-) #Lanz	die #FDP sein sowieso in nah #Bundestag nicht mehr vertreten ! >;-) #Lanz	ART NN VAFIN ADV APPRART ADJA NN PTKNEG ADV VVPP $. $( NN	2/NK 3/SB 0/-- 10/MO 10/MO 7/NK 5/NK 10/NG 8/MO 3/PD 10/-- 13/-- 11/--	case=nom|Sentiment::markable_317::Polarity=positive|Sentiment::markable_317::Sarcasm=false|gender=fem|Sentiment::markable_317::Sentiment=True|Target::markable_318::Anaphref=empty|Sentiment::markable_317::Intensity=medium|Target::markable_318::Target=True|num=sg|Target::markable_318::Preferred=true case=nom|gender=fem|Target::markable_318::Target=True|num=sg|Sentiment::markable_317::Sentiment=True pers=3|Target::markable_318::Target=True|num=sg|tense=pres|mood=ind|Sentiment::markable_317::Sentiment=True Target::markable_318::Target=True|Sentiment::markable_317::Sentiment=True case=dat|gender=neut|Target::markable_318::Target=True|num=sg|Sentiment::markable_317::Sentiment=True case=dat|Target::markable_318::Target=True|num=sg|gender=neut|Sentiment::markable_317::Sentiment=True|pos=True case=dat|gender=neut|Target::markable_318::Target=True|num=sg|Sentiment::markable_317::Sentiment=True Target::markable_318::Target=True|Sentiment::markable_317::Sentiment=True Target::markable_318::Target=True|Sentiment::markable_317::Sentiment=True Target::markable_318::Target=True|Sentiment::markable_317::Sentiment=True Target::markable_318::Target=True|Sentiment::markable_317::Sentiment=True EmoExpression::markable_39::SubjectiveFact=false|EmoExpression::markable_39::EmoExpression=True|EmoExpression::markable_39::Polarity=positive|EmoExpression::markable_39::Sarcasm=false|Sentiment::markable_317::Sentiment=True|EmoExpression::markable_39::Uncertain=false|EmoExpression::markable_39::Intensity=medium case=nom|gender=fem|num=sg
369893856617037826	positive	@StZ_NEWS Dem #Grüne traue ich noch zu den #Fernsehturm in #Stuttgart abzureissen ;-) .	@StZ_NEWS die #Grüne trauen ich noch zu die #Fernsehturm in #Stuttgart abreißen ;-) .	NN ART NN VVFIN PPER ADV APPR ART NN APPR NE VVIZU $( $.	0/-- 3/NK 4/DA 1/-- 4/SB 12/MO 12/MO 9/NK 7/NK 9/MNR 10/NK 4/OC 12/-- 13/--	case=nom|gender=neut|num=sg case=dat|gender=masc|num=sg case=dat|gender=masc|num=sg pers=1|num=sg|tense=pres|mood=ind case=nom|*=True|num=sg|pers=1 _ _ case=dat|gender=neut|num=pl case=dat|gender=neut|num=pl _ case=dat|gender=neut|num=sg _ EmoExpression::markable_40::Sarcasm=true|EmoExpression::markable_40::EmoExpression=True|EmoExpression::markable_40::Uncertain=false|EmoExpression::markable_40::Intensity=medium|EmoExpression::markable_40::SubjectiveFact=false|EmoExpression::markable_40::Polarity=positive _
382904068714156032	positive	RT @BWassertisch : Neulich mittags auf dem Herbstfest Ökomarkt der GRÜNEN LIGA :-) http://t.co/hI6pWpwwe4 #wassertisch http://t.co/rUxJRXyW63	RT @BWassertisch : neulich mittags auf die Herbstfest Ökomarkt die grün Liga :-) http://t.co/hI6pWpwwe4 #wassertisch http://t.co/rUxJRXyW63	NE ADJD $. ADV ADV APPR ART NN NN ART ADJA NN $( CARD NN CARD	0/-- 1/PD 2/-- 5/MO 6/MO 3/-- 8/NK 6/NK 8/NK 12/NK 12/NK 8/PAR 12/-- 15/NK 8/PAR 15/NK	case=nom|*=True|num=sg pos=True _ Sentiment::markable_323::Intensity=medium|Target::markable_324::Target=True|Sentiment::markable_323::Sentiment=True|Target::markable_324::Anaphref=empty|Target::markable_324::Preferred=true|Sentiment::markable_323::Sarcasm=false|Sentiment::markable_323::Polarity=positive Sentiment::markable_323::Sentiment=True|Target::markable_324::Target=True Sentiment::markable_323::Sentiment=True|Target::markable_324::Target=True case=dat|gender=masc|num=sg|Target::markable_324::Target=True|Sentiment::markable_323::Sentiment=True case=dat|gender=masc|num=sg|Target::markable_324::Target=True|Sentiment::markable_323::Sentiment=True case=nom|gender=masc|num=sg|Target::markable_324::Target=True|Sentiment::markable_323::Sentiment=True case=nom|gender=masc|num=sg|Target::markable_324::Target=True|Sentiment::markable_323::Sentiment=True case=nom|num=sg|Target::markable_324::Target=True|Sentiment::markable_323::Sentiment=True|gender=masc|pos=True case=nom|gender=masc|num=sg|Target::markable_324::Target=True|Sentiment::markable_323::Sentiment=True EmoExpression::markable_43::Polarity=positive|EmoExpression::markable_43::Intensity=medium|Sentiment::markable_323::Sentiment=True|EmoExpression::markable_43::Sarcasm=false|EmoExpression::markable_43::SubjectiveFact=false|EmoExpression::markable_43::Uncertain=false|EmoExpression::markable_43::EmoExpression=True _ pos=True _
381329458311213056	mixed	So wie die Stimmung zZt ist , wird das am Sonntag für die ' ' Etablierten ' ' kein Tritt vor ' ' s Schienbein , sondern höher ... :) #AfD +	so wie die Stimmung zZt sein , werden die an Sonntag für die ' ' Etablierte ' ' keine Tritt vor ' ' s Schienbein , sondern hoch ... :) #AfD +	ADV KOKOM ART NN VVPP VAFIN $, VAFIN PDS APPRART NN APPR ART $( $( NN $( $( PIAT NN PTKVZ $( $( NN NN $, KON ADJD $. ADJA NN KON	5/MO 4/CM 4/NK 1/CC 6/PD 24/PAR 6/-- 0/-- 8/SB 8/MO 10/NK 8/MO 16/NK 13/-- 14/-- 12/NK 16/-- 17/-- 20/NK 8/SB 8/PD 21/-- 22/-- 21/NK 24/NK 25/-- 21/CD 27/CJ 28/-- 31/NK 29/-- 31/MO	_ _ case=nom|gender=fem|num=sg case=nom|gender=fem|num=sg _ pers=3|num=sg|tense=pres|mood=ind _ pers=3|num=sg|tense=pres|mood=ind case=nom|gender=neut|num=sg case=dat|gender=masc|num=sg case=dat|gender=masc|num=sg _ case=acc|gender=fem|num=sg _ _ case=dat|gender=neut|num=pl _ _ case=nom|gender=masc|num=sg case=nom|EmoExpression::markable_100500518::EmoExpression=True|gender=masc|EmoExpression::markable_100500518::Sarcasm=false|num=sg|EmoExpression::markable_100500518::Polarity=negative|EmoExpression::markable_100500518::Intensity=medium|EmoExpression::markable_100500518::SubjectiveFact=false|EmoExpression::markable_100500518::Uncertain=false EmoExpression::markable_100500518::EmoExpression=True EmoExpression::markable_100500518::EmoExpression=True EmoExpression::markable_100500518::EmoExpression=True case=gen|gender=neut|num=sg|EmoExpression::markable_100500518::EmoExpression=True case=nom|gender=masc|num=sg|EmoExpression::markable_100500518::EmoExpression=True _ _ comp=True _ EmoExpression::markable_44::Uncertain=false|EmoExpression::markable_44::Intensity=medium|EmoExpression::markable_44::Sarcasm=false|EmoExpression::markable_44::SubjectiveFact=false|EmoExpression::markable_44::EmoExpression=True|EmoExpression::markable_44::Polarity=positive _ _
369215841185038336	positive	RT @janetworkx : Genauso machen wir das : http://t.co/TkWSJWDESe Jeder soll seine Ideen einbringen können . Nimm #Piraten + als Proxy . :-)	RT @janetworkx : genauso machen wir die : http://t.co/TkWSJWDESe jede sollen sein Idee einbringen können . nehmen #Piraten + als Proxy . :-)	NE ADJD $. ADV VVFIN PPER PDS $. NN PIS VMFIN PPOSAT NN VVINF VMINF $. VVIMP NN KON KOKOM NN $. $(	0/-- 1/PD 2/-- 5/MO 3/-- 5/SB 5/OA 7/-- 5/MO 11/SB 5/CJ 13/NK 14/OA 15/OC 11/OC 15/-- 16/-- 17/OA 17/CD 19/CJ 20/NK 21/-- 22/--	case=nom|*=True|num=sg pos=True _ _ pers=1|num=pl|tense=pres|mood=ind case=nom|*=True|num=pl|pers=1 case=acc|gender=neut|num=sg _ case=acc|gender=neut|num=sg|pos=True case=nom|gender=masc|num=sg pers=3|num=sg|tense=pres|mood=ind case=acc|gender=fem|num=pl case=acc|gender=fem|num=pl _ _ _ _ _ _ _ case=nom|gender=masc|num=sg _ EmoExpression::markable_45::SubjectiveFact=false|EmoExpression::markable_45::Intensity=medium|EmoExpression::markable_45::EmoExpression=True|EmoExpression::markable_45::Polarity=positive|EmoExpression::markable_45::Uncertain=false|EmoExpression::markable_45::Sarcasm=false
378827482352611328	positive	So muss das sein ! ;-) RT @StorkPatrick : #HeuteShow gucken und was frühstücken :-) http://t.co/jAbcXPTb46 @ZDF	so müssen die sein ! ;-) RT @StorkPatrick : #HeuteShow gucken und was frühstücken :-) http://t.co/jAbcXPTb46 @ZDF	ADV VMFIN PDS VAINF $. $( NE NN $. NN VVINF KON PWS VVFIN $( NN NE	2/MO 0/-- 2/SB 2/OC 4/-- 7/-- 8/PNC 5/-- 8/-- 11/MO 9/-- 11/CD 14/OA 12/CJ 14/-- 11/PAR 16/UC	EmoExpression::markable_100500520::Sarcasm=false|EmoExpression::markable_100500520::SubjectiveFact=false|EmoExpression::markable_100500520::EmoExpression=True|EmoExpression::markable_100500520::Uncertain=false|EmoExpression::markable_100500520::Polarity=positive|EmoExpression::markable_100500520::Intensity=medium pers=3|num=sg|tense=pres|mood=ind|EmoExpression::markable_100500520::EmoExpression=True case=nom|num=sg|Target::markable_320::Preferred=true|gender=neut|EmoExpression::markable_100500520::EmoExpression=True|Target::markable_320::Target=True|Target::markable_320::Anaphref=empty EmoExpression::markable_100500520::EmoExpression=True _ EmoExpression::markable_46::EmoExpression=True|EmoExpression::markable_46::Uncertain=false|EmoExpression::markable_46::Intensity=medium|EmoExpression::markable_46::Sarcasm=false|EmoExpression::markable_46::SubjectiveFact=false|EmoExpression::markable_46::Polarity=positive case=nom|*=True|num=sg case=nom|*=True|num=sg _ _ _ _ case=nom|gender=neut|num=sg _ EmoExpression::markable_47::EmoExpression=True|EmoExpression::markable_47::SubjectiveFact=false|EmoExpression::markable_47::Uncertain=false|EmoExpression::markable_47::Polarity=positive|EmoExpression::markable_47::Sarcasm=false|EmoExpression::markable_47::Intensity=medium _ _
382903993900343296	positive	@schwan1 Ha , DAS sind Piraten ! Volle Transparenz auch , wenn die Schatzmeisterin mit der Kohle durchbrennt ! :)	@schwan1 Ha , die sein Pirat ! voll Transparenz auch , wenn die Schatzmeisterin mit die Kohle durchbrennen ! :)	NN NE $, PRELS VAFIN NN $. ADJA NN ADV $, KOUS ART NN APPR ART NN VVFIN $. ADJA	0/-- 5/SB 2/-- 2/SB 1/-- 5/PD 6/-- 9/NK 18/SB 18/MO 10/-- 18/CP 14/NK 18/SB 18/MO 17/NK 15/NK 7/-- 18/-- 19/--	case=nom|gender=fem|num=sg case=nom|Sentiment::markable_49::Polarity=positive|gender=neut|EmoExpression::markable_322::EmoExpression=True|EmoExpression::markable_322::Uncertain=false|num=sg|EmoExpression::markable_322::SubjectiveFact=false|EmoExpression::markable_322::Intensity=medium|Sentiment::markable_49::Intensity=strong|EmoExpression::markable_322::Polarity=positive|Sentiment::markable_49::Sentiment=True|EmoExpression::markable_322::Sarcasm=false|Sentiment::markable_49::Sarcasm=false Sentiment::markable_49::Sentiment=True case=nom|EmoExpression::markable_321::Sarcasm=false|gender=neut|EmoExpression::markable_321::Intensity=medium|num=sg|EmoExpression::markable_321::Uncertain=false|EmoExpression::markable_321::SubjectiveFact=false|EmoExpression::markable_321::Polarity=positive|Sentiment::markable_49::Sentiment=True|EmoExpression::markable_321::EmoExpression=True pers=3|Sentiment::markable_49::Sentiment=True|num=pl|tense=pres|mood=ind case=nom|num=pl|Target::markable_50::Preferred=true|Target::markable_50::Target=True|gender=masc|Target::markable_50::Anaphref=empty|Sentiment::markable_49::Sentiment=True Intensifier::markable_100500485::Intensifier=True|Sentiment::markable_49::Sentiment=True|Intensifier::markable_100500485::Degree=medium|Intensifier::markable_100500485::EmoExpressionRef=empty case=acc|Intensifier::markable_100500487::EmoExpressionRef=emo-expression:markable_100500486|gender=fem|Intensifier::markable_100500487::Degree=strong|pos=True|num=sg|Sentiment::markable_49::Sentiment=True|Intensifier::markable_100500487::Intensifier=True case=acc|EmoExpression::markable_100500486::EmoExpression=True|gender=fem|EmoExpression::markable_100500486::Sarcasm=false|num=sg|EmoExpression::markable_100500486::Polarity=positive|EmoExpression::markable_100500486::Intensity=medium|Sentiment::markable_49::Sentiment=True|EmoExpression::markable_100500486::SubjectiveFact=false|EmoExpression::markable_100500486::Uncertain=false Sentiment::markable_49::Sentiment=True Sentiment::markable_49::Sentiment=True Sentiment::markable_49::Sentiment=True case=nom|Sentiment::markable_100500488::Intensity=medium|gender=fem|Target::markable_100500488::Target=True|num=sg|Sentiment::markable_100500488::Polarity=positive|Target::markable_100500488::Anaphref=empty|Sentiment::markable_100500488::Sarcasm=false|Target::markable_100500488::Preferred=true|Sentiment::markable_49::Sentiment=True|Sentiment::markable_100500488::Sentiment=True case=nom|num=sg|Target::markable_100500488::Target=True|gender=fem|Sentiment::markable_49::Sentiment=True|Sentiment::markable_100500488::Sentiment=True Sentiment::markable_49::Sentiment=True|Sentiment::markable_100500488::Sentiment=True case=dat|EmoExpression::markable_100500488::SubjectiveFact=false|gender=fem|EmoExpression::markable_100500488::Uncertain=false|EmoExpression::markable_100500488::Intensity=weak|num=sg|EmoExpression::markable_100500488::Sarcasm=false|EmoExpression::markable_100500488::EmoExpression=True|EmoExpression::markable_100500488::Polarity=negative|Sentiment::markable_49::Sentiment=True|Sentiment::markable_100500488::Sentiment=True case=dat|num=sg|EmoExpression::markable_100500488::EmoExpression=True|gender=fem|Sentiment::markable_49::Sentiment=True|Sentiment::markable_100500488::Sentiment=True EmoExpression::markable_100500488::SubjectiveFact=false|EmoExpression::markable_100500488::Uncertain=false|EmoExpression::markable_100500488::Intensity=medium|EmoExpression::markable_100500488::Sarcasm=false|EmoExpression::markable_100500488::EmoExpression=True|EmoExpression::markable_100500488::Polarity=negative|Sentiment::markable_49::Sentiment=True|Sentiment::markable_100500488::Sentiment=True Sentiment::markable_49::Sentiment=True EmoExpression::markable_48::SubjectiveFact=false|EmoExpression::markable_48::Polarity=positive|EmoExpression::markable_48::Sarcasm=false|Sentiment::markable_49::Sentiment=True|EmoExpression::markable_48::Uncertain=false|EmoExpression::markable_48::EmoExpression=True|EmoExpression::markable_48::Intensity=medium
365962885849034752	positive	Kommt vorbei ! Die #Vortragsreihe " Stoppt die Totalüberwachung " der #Piraten + startet am 11.8 um 16h  in Düsseldorf :) http://t.co/42QxcaZaz4	kommen vorbei ! die #Vortragsreihe " stoppen die Totalüberwachung " die #Piraten + starten an @card@ um 16h_ in Düsseldorf :) http://t.co/42QxcaZaz4	VVFIN PTKVZ $. ART NN $( VVFIN ART NN $( ART NN KON VVFIN APPRART CARD APPR NN APPR NE ADJD CARD	0/-- 1/SVP 2/-- 5/NK 7/SB 5/-- 3/-- 9/NK 7/SB 9/-- 12/NK 9/AG 7/CD 13/CJ 14/MO 15/NK 14/MO 17/NK 14/MO 19/NK 14/MO 14/MO	pers=3|num=sg|tense=pres|mood=ind _ _ case=nom|gender=fem|num=sg case=nom|gender=fem|num=sg _ pers=3|num=sg|tense=pres|mood=ind case=nom|gender=fem|num=sg case=nom|gender=fem|num=sg _ case=gen|gender=fem|num=pl case=gen|gender=fem|num=pl _ pers=3|num=sg|tense=pres|mood=ind case=dat|gender=masc|num=sg _ _ case=acc|gender=neut|num=pl _ case=dat|gender=neut|num=sg EmoExpression::markable_52::EmoExpression=True|EmoExpression::markable_52::Uncertain=false|EmoExpression::markable_52::Intensity=medium|EmoExpression::markable_52::SubjectiveFact=false|EmoExpression::markable_52::Polarity=positive|EmoExpression::markable_52::Sarcasm=false _
357571357619392512	negative	#Piraten laut Umfragen derzeit gleichauf mit der #FDP in #Bayern ... aber bei #BR_kontrovers @BR_kontrovers ... " sonstige " :-(	#Piraten laut Umfrage derzeit gleichauf mit die #FDP in #Bayern ... aber bei #BR_kontrovers @BR_kontrovers ... " sonstig " :-(	NN APPR NN ADV NN APPR ART NN APPR NN $. ADV APPR NN NN $. $( ADJA $( $(	0/-- 1/MO 2/NK 1/MO 1/SB 5/MNR 8/NK 6/NK 8/MNR 9/NK 10/-- 13/MO 11/-- 13/NK 14/NK 15/-- 18/-- 16/-- 18/-- 19/--	_ _ case=dat|gender=fem|num=pl _ _ _ case=dat|gender=fem|num=sg case=dat|gender=fem|num=sg _ case=dat|gender=neut|num=sg _ _ _ case=dat|gender=masc|num=pl case=dat|gender=masc|num=pl _ _ pers=3|num=sg|tense=pres|mood=subj _ EmoExpression::markable_53::Sarcasm=false|EmoExpression::markable_53::EmoExpression=True|EmoExpression::markable_53::Uncertain=false|EmoExpression::markable_53::Intensity=medium|EmoExpression::markable_53::SubjectiveFact=false|EmoExpression::markable_53::Polarity=negative
373003803588435969	mixed	@ARDde ... das " immerhin " zeigt bereits , dass es keine " technischen Probleme " bei der Umsetzung gibt ;-)	@ARDde ... die " immerhin " zeigen bereits , dass es keine " technisch Problem " bei die Umsetzung geben ;-)	NN $. ART $( ADV $( VVFIN ADV $, KOUS PPER PIAT $( ADJA NN $( APPR ART NN VVFIN $(	0/-- 1/-- 7/SB 3/-- 3/MO 5/-- 2/-- 7/MO 8/-- 20/CP 20/EP 15/NK 12/-- 15/NK 20/OA 15/-- 15/MNR 19/NK 17/NK 7/OC 20/--	case=nom|gender=fem|num=sg _ case=nom|gender=neut|num=sg case=nom|gender=neut|num=sg _ _ pers=3|num=sg|tense=pres|mood=ind _ _ _ case=nom|gender=neut|num=sg|pers=3 case=acc|gender=fem|num=sg _ case=acc|gender=neut|num=pl|pos=True case=acc|EmoExpression::markable_325::Uncertain=false|gender=neut|EmoExpression::markable_325::Sarcasm=false|EmoExpression::markable_325::EmoExpression=True|num=pl|EmoExpression::markable_325::Intensity=medium|EmoExpression::markable_325::Polarity=negative|EmoExpression::markable_325::SubjectiveFact=false _ _ case=dat|gender=fem|num=sg case=dat|gender=fem|num=sg pers=3|num=sg|tense=pres|mood=ind EmoExpression::markable_56::SubjectiveFact=false|EmoExpression::markable_56::Intensity=medium|EmoExpression::markable_56::EmoExpression=True|EmoExpression::markable_56::Polarity=positive|EmoExpression::markable_56::Uncertain=false|EmoExpression::markable_56::Sarcasm=false
372101485720379392	mixed	RT @niggi : Kein Wähler kann zwischen CDU und CSU wählen . Warum sitzen die beide da ? Ich finde das ernsthaft empörend . #ard #ueberzeugtuns	RT @niggi : keine Wähler können zwischen CDU und CSU wählen . warum sitzen die beide da ? ich finden die ernsthaft empörend . #ard #ueberzeugtuns	NE NE $. PIAT NN VMFIN APPR NE KON NE VVINF $. PWAV VVFIN ART PIS PTKVZ $. PPER VVFIN PDS ADJD ADJD $. NN NN	2/PNC 0/-- 2/-- 5/NK 6/SB 3/-- 11/MO 7/NK 8/CD 9/CJ 6/OC 11/-- 14/MO 12/-- 16/NK 14/SB 14/SVP 17/-- 20/SB 18/-- 20/OA 23/MO 20/MO 23/-- 24/-- 25/NK	case=nom|*=True|num=sg case=nom|*=True|num=sg _ case=nom|gender=masc|Negation::markable_100500496::Negation=True|Sentiment::markable_100500492::Intensity=medium|Sentiment::markable_100500492::Sentiment=True|num=sg|Negation::markable_100500496::EmoExpressionRef=empty|Sentiment::markable_100500492::Sarcasm=false|Sentiment::markable_100500492::Polarity=negative case=nom|gender=masc|num=sg|Sentiment::markable_100500492::Sentiment=True pers=3|Sentiment::markable_100500492::Sentiment=True|num=sg|tense=pres|mood=ind Sentiment::markable_100500492::Sentiment=True case=dat|Sentiment::markable_100500492::Sentiment=True|num=sg|Target::markable_100500493::Target=True|Target::markable_100500493::Preferred=true|gender=fem|Target::markable_100500493::Anaphref=empty Sentiment::markable_100500492::Sentiment=True case=dat|Sentiment::markable_100500492::Sentiment=True|num=sg|Target::markable_100500494::Target=True|gender=fem|Target::markable_100500494::Preferred=true|Target::markable_100500494::Anaphref=empty Sentiment::markable_100500492::Sentiment=True|EmoExpression::markable_100500495::SubjectiveFact=false|EmoExpression::markable_100500495::Polarity=positive|EmoExpression::markable_100500495::Intensity=medium|EmoExpression::markable_100500495::EmoExpression=True|EmoExpression::markable_100500495::Uncertain=false|EmoExpression::markable_100500495::Sarcasm=false Sentiment::markable_100500492::Sentiment=True Target::markable_62::Target=True|Target::markable_62::Preferred=true|Target::markable_62::Anaphref=empty pers=3|Target::markable_62::Target=True|num=pl|tense=pres|mood=ind case=nom|*=True|Target::markable_62::Target=True|num=pl case=nom|*=True|Target::markable_62::Target=True|num=pl Target::markable_62::Target=True _ case=nom|Source::markable_60::Source=True|Sentiment::markable_57::Polarity=positive|Sentiment::markable_57::Sarcasm=false|*=True|pers=1|num=sg|Sentiment::markable_57::Intensity=medium|Source::markable_60::Anaphref=empty|Sentiment::markable_57::Sentiment=True pers=1|num=sg|tense=pres|mood=ind|Sentiment::markable_57::Sentiment=True case=acc|Target::markable_326::Target=True|num=sg|Target::markable_326::Preferred=true|gender=neut|Target::markable_326::Anaphref=empty|Sentiment::markable_57::Sentiment=True Intensifier::markable_59::Degree=strong|Intensifier::markable_59::Intensifier=True|Intensifier::markable_59::EmoExpressionRef=emo-expression:markable_58|pos=True|Sentiment::markable_57::Sentiment=True EmoExpression::markable_58::Uncertain=false|pos=True|EmoExpression::markable_58::Polarity=positive|EmoExpression::markable_58::Sarcasm=false|EmoExpression::markable_58::SubjectiveFact=false|EmoExpression::markable_58::Intensity=medium|EmoExpression::markable_58::EmoExpression=True|Sentiment::markable_57::Sentiment=True _ case=nom|gender=masc|num=sg case=gen|gender=masc|num=sg
381721273472397312	neutral	RT @HansSarpei : Liebe NPD - Wähler , nicht vergessen : Am 22.  Oktober ist Bundestagswahl !	RT @HansSarpei : Liebe NPD - Wähler , nicht vergessen : an @card@ Oktober sein Bundestagswahl !	NE ADJD $. NN NE $( NN $, PTKNEG VVINF $. APPRART CARD NN VAFIN NN $.	0/-- 1/PD 2/-- 15/SB 4/NK 5/-- 10/OA 7/-- 10/NG 4/OC 10/-- 4/MNR 14/NK 12/NK 3/-- 15/PD 16/--	case=nom|*=True|num=sg pos=True _ case=nom|gender=fem|num=sg case=nom|gender=fem|num=sg _ case=acc|gender=masc|num=pl _ _ _ _ case=dat|gender=masc|num=sg case=dat|gender=masc|num=sg|pos=True case=dat|gender=masc|num=sg pers=3|num=sg|tense=pres|mood=ind case=nom|gender=fem|num=sg _
374090776252129280	positive	SPD setzt große Erwartungen auf heutiges #Tvduell . CDU - - > Verlierer ? Hat das Auswirkungen auf die #AfD oder Grüne oder FDP oder andere Partei ?	SPD setzen groß Erwartung auf heutig #Tvduell . CDU - - > Verlierer ? haben die Auswirkung auf die #AfD oder Grüne oder FDP oder andere Partei ?	NE VVFIN ADJA NN APPR ADJA NN $. NE $( $( $( NN $. VAFIN ART NN APPR ART NN KON NN KON NE KON PIS NN $.	2/SB 0/-- 4/NK 2/OA 2/MO 7/NK 5/NK 7/-- 8/-- 9/-- 10/-- 11/-- 9/CJ 13/-- 14/-- 17/NK 15/SB 17/OP 20/NK 18/NK 20/CD 21/CJ 22/CD 23/CJ 20/CD 27/NK 25/CJ 27/--	case=nom|Source::markable_328::Anaphref=empty|Sentiment::markable_327::Intensity=medium|Sentiment::markable_327::Sarcasm=false|gender=fem|Source::markable_328::Source=True|Sentiment::markable_327::Sentiment=True|num=sg|Sentiment::markable_327::Polarity=positive pers=3|Sentiment::markable_327::Sentiment=True|num=sg|tense=pres|mood=ind case=acc|Intensifier::markable_331::EmoExpressionRef=emo-expression:markable_330|gender=fem|Intensifier::markable_331::Degree=medium|pos=True|Intensifier::markable_331::Intensifier=True|num=pl|Sentiment::markable_327::Sentiment=True case=acc|EmoExpression::markable_330::Intensity=medium|EmoExpression::markable_330::Uncertain=false|EmoExpression::markable_330::Sarcasm=false|EmoExpression::markable_330::EmoExpression=True|gender=fem|EmoExpression::markable_330::Polarity=positive|Sentiment::markable_327::Sentiment=True|num=pl|EmoExpression::markable_330::SubjectiveFact=false Sentiment::markable_327::Sentiment=True case=acc|Target::markable_329::Preferred=true|Target::markable_329::Anaphref=empty|gender=neut|Target::markable_329::Target=True|Sentiment::markable_327::Sentiment=True|pos=True|num=sg case=acc|gender=neut|Target::markable_329::Target=True|num=sg|Sentiment::markable_327::Sentiment=True Sentiment::markable_327::Sentiment=True case=nom|gender=fem|num=sg _ _ pers=2|num=sg|mood=imp case=nom|EmoExpression::markable_332::Sarcasm=false|gender=masc|EmoExpression::markable_332::Intensity=medium|num=sg|EmoExpression::markable_332::Uncertain=false|EmoExpression::markable_332::EmoExpression=True|comp=True|EmoExpression::markable_332::Polarity=negative|EmoExpression::markable_332::SubjectiveFact=false _ pers=3|num=sg|tense=pres|mood=ind case=nom|gender=neut|num=sg case=nom|gender=neut|num=sg _ case=acc|gender=fem|num=sg case=acc|gender=fem|num=sg _ case=nom|*=True|num=pl _ case=dat|gender=fem|num=sg _ case=acc|gender=fem|num=sg|pos=True case=acc|gender=fem|num=sg _
350398385418809345	positive	" Das Wir entscheidet " : Mit diesem Slogan wollen wir im Bundestagswahlkampf bestehen . Mir gefällt dieser Slogan , ... http://t.co/jhuKigVAtr	" die wir entscheiden " : mit dies Slogan wollen wir in Bundestagswahlkampf bestehen . ich gefallen dies Slogan , ... http://t.co/jhuKigVAtr	$( PDS PPER VVFIN $( $. APPR PDAT NN VMFIN PPER APPRART NN VVFIN $. PPER VVFIN PDAT NN $, $. NE	2/-- 7/SB 4/SB 2/RC 4/-- 5/-- 10/MO 9/NK 7/NK 0/-- 10/SB 14/MO 12/NK 10/OC 14/-- 17/DA 15/-- 19/NK 17/SB 19/-- 19/-- 21/--	_ case=acc|Target::markable_337::Target=True|num=sg|gender=neut|Target::markable_337::Anaphref=markable_336|Target::markable_337::Preferred=true case=nom|*=True|Target::markable_337::Target=True|num=pl|pers=1 pers=3|Target::markable_337::Target=True|num=sg|tense=pres|mood=ind _ _ _ case=dat|gender=masc|num=sg case=dat|gender=masc|num=sg pers=1|num=pl|tense=pres|mood=ind case=nom|*=True|num=pl|pers=1 case=dat|gender=masc|num=sg case=dat|gender=masc|num=sg EmoExpression::markable_100500521::Intensity=medium|EmoExpression::markable_100500521::Polarity=positive|EmoExpression::markable_100500521::SubjectiveFact=false|EmoExpression::markable_100500521::EmoExpression=True|EmoExpression::markable_100500521::Uncertain=false|EmoExpression::markable_100500521::Sarcasm=false _ case=dat|Source::markable_334::Anaphref=empty|Sentiment::markable_333::Sarcasm=false|*=True|Sentiment::markable_333::Polarity=positive|pers=1|num=sg|Source::markable_334::Source=True|Sentiment::markable_333::Intensity=medium|Sentiment::markable_333::Sentiment=True EmoExpression::markable_335::SubjectiveFact=false|EmoExpression::markable_335::Intensity=medium|mood=ind|EmoExpression::markable_335::Uncertain=false|pers=3|num=sg|tense=pres|EmoExpression::markable_335::EmoExpression=True|EmoExpression::markable_335::Sarcasm=false|Sentiment::markable_333::Sentiment=True|EmoExpression::markable_335::Polarity=positive case=nom|num=sg|Target::markable_336::Target=True|Sentiment::markable_333::Sentiment=True|gender=masc|Target::markable_336::Anaphref=empty|Target::markable_336::Preferred=true case=nom|gender=masc|num=sg|Target::markable_336::Target=True|Sentiment::markable_333::Sentiment=True _ _ _
377444868349788160	positive	Journalisten , ausländische Autofahrer , Windräder : #göring - eckardt wirft #csu und #seehofer Politik der Ausgrenzung vor . #ltw13 #grüne	Journalist , ausländisch Autofahrer , Windrad : #göring - Eckardt werfen #csu und #seehofer Politik die Ausgrenzung vor . #ltw13 #grüne	NN $, ADJA NN $, NN $. NN $( NE VVFIN NN KON ADJA NN ART NN PTKVZ $. CARD NN	8/SB 1/-- 4/NK 1/CJ 4/-- 4/CJ 6/-- 11/SB 8/-- 8/MO 0/-- 11/DA 12/CD 15/NK 13/CJ 17/NK 15/AG 11/SVP 18/-- 21/NK 19/--	case=nom|gender=masc|num=pl _ case=nom|gender=masc|num=pl|pos=True case=nom|gender=masc|num=pl _ case=nom|gender=masc|num=pl _ pers=3|num=sg|tense=past|mood=ind _ case=nom|*=True|num=sg pers=3|num=sg|tense=pres|mood=ind pos=True _ case=dat|gender=fem|num=sg|pos=True case=dat|gender=fem|num=sg case=gen|gender=fem|num=sg case=gen|EmoExpression::markable_100500522::Sarcasm=false|EmoExpression::markable_100500522::Polarity=positive|gender=fem|EmoExpression::markable_100500522::Uncertain=false|EmoExpression::markable_100500522::Intensity=medium|num=sg|EmoExpression::markable_100500522::EmoExpression=True|EmoExpression::markable_100500522::SubjectiveFact=false _ _ _ case=nom|gender=masc|num=pl
347023563531878401	positive	Liebe #piraten , sollten wir die #cdu #csu #spd #fdp und #grüne nicht zu der gemeinsamen Aktion " Abhörsicheres WLAN - Kabel " einladen ? ;-)	lieb #piraten , sollen wir die #cdu #csu #spd #fdp und #grüne nicht zu die gemeinsam Aktion " abhörsicher WLAN - Kabel " einladen ? ;-)	ADJA NN $, VMFIN PPER ART NN NN ADJA NN KON NN PTKNEG APPR ART ADJA NN $( ADJA NN $( NN $( VVINF $. $(	2/NK 4/SB 2/-- 0/-- 4/SB 7/NK 24/OA 7/NK 10/NK 8/AG 8/CD 11/CJ 4/NG 24/MO 17/NK 17/NK 14/NK 17/-- 20/NK 17/NK 20/-- 20/PAR 22/-- 4/OC 24/-- 25/--	case=nom|EmoExpression::markable_338::SubjectiveFact=false|EmoExpression::markable_338::Polarity=positive|gender=masc|pos=True|num=pl|EmoExpression::markable_338::Intensity=medium|EmoExpression::markable_338::EmoExpression=True|EmoExpression::markable_338::Uncertain=false|EmoExpression::markable_338::Sarcasm=false case=nom|gender=masc|num=pl _ pers=1|num=pl|tense=past|mood=subj case=nom|*=True|num=pl|pers=1 case=acc|gender=fem|num=sg case=acc|gender=fem|num=sg case=nom|gender=fem|num=sg case=gen|gender=fem|num=sg|pos=True case=gen|gender=fem|num=sg _ case=nom|*=True|num=sg _ _ case=dat|gender=fem|num=sg case=dat|gender=fem|num=sg|pos=True case=dat|gender=fem|num=sg _ case=acc|gender=neut|num=sg|pos=True case=acc|gender=neut|num=sg _ case=acc|gender=neut|num=sg _ _ _ EmoExpression::markable_63::Polarity=positive|EmoExpression::markable_63::Sarcasm=false|EmoExpression::markable_63::EmoExpression=True|EmoExpression::markable_63::SubjectiveFact=false|EmoExpression::markable_63::Uncertain=false|EmoExpression::markable_63::Intensity=medium
353917522875129856	positive	Das diesjährige " Rock für Deutschland " war wiedermal ein voller Erfolg ! Spürbarer Gutmenschenwiderstand ? Fehlanzeige ! #Alternative #apw	die diesjährig " Rock für Deutschland " sein wiedermal eine voll Erfolg ! spürbar Gutmenschenwiderstand ? Fehlanzeige ! #Alternative #apw	ART ADJA $( NN APPR NE $( VAFIN ADJD ART ADJA NN $. ADJA NN $. NN $. NN ADJD	4/NK 4/NK 2/-- 8/SB 4/MNR 5/NK 6/-- 0/-- 8/MO 12/NK 12/NK 8/PD 12/-- 15/NK 13/-- 15/-- 16/-- 17/-- 18/-- 19/PD	case=nom|Target::markable_65::Anaphref=empty|Target::markable_65::Preferred=true|gender=neut|Sentiment::markable_64::Polarity=positive|num=sg|Sentiment::markable_64::Intensity=medium|Target::markable_65::Target=True|Sentiment::markable_64::Sentiment=True|Sentiment::markable_64::Sarcasm=false case=nom|num=sg|gender=neut|Target::markable_65::Target=True|pos=True|Sentiment::markable_64::Sentiment=True case=nom|gender=neut|num=sg|Target::markable_65::Target=True|Sentiment::markable_64::Sentiment=True case=nom|gender=masc|num=sg|Target::markable_65::Target=True|Sentiment::markable_64::Sentiment=True Target::markable_65::Target=True|Sentiment::markable_64::Sentiment=True case=acc|gender=neut|num=sg|Target::markable_65::Target=True|Sentiment::markable_64::Sentiment=True case=acc|gender=neut|num=sg|Target::markable_65::Target=True|Sentiment::markable_64::Sentiment=True pers=3|num=sg|tense=past|mood=ind|Sentiment::markable_64::Sentiment=True pos=True|Sentiment::markable_64::Sentiment=True case=nom|gender=masc|num=sg|Sentiment::markable_64::Sentiment=True case=nom|Intensifier::markable_67::Degree=strong|gender=masc|pos=True|num=sg|Intensifier::markable_67::Intensifier=True|Sentiment::markable_64::Sentiment=True|Intensifier::markable_67::EmoExpressionRef=emo-expression:markable_66 case=nom|EmoExpression::markable_66::EmoExpression=True|gender=masc|Sentiment::markable_64::Sentiment=True|num=sg|EmoExpression::markable_66::Polarity=positive|EmoExpression::markable_66::Uncertain=false|EmoExpression::markable_66::Intensity=medium|EmoExpression::markable_66::Sarcasm=false|EmoExpression::markable_66::SubjectiveFact=false Intensifier::markable_100500497::Intensifier=True|Intensifier::markable_100500497::Degree=medium|Sentiment::markable_64::Sentiment=True|Intensifier::markable_100500497::EmoExpressionRef=empty case=nom|gender=masc|num=sg|pos=True case=nom|EmoExpression::markable_100500524::Uncertain=false|EmoExpression::markable_100500524::Polarity=negative|EmoExpression::markable_100500524::Sarcasm=false|gender=masc|num=sg|EmoExpression::markable_100500524::Intensity=medium|EmoExpression::markable_100500524::SubjectiveFact=false|EmoExpression::markable_100500524::EmoExpression=True _ case=nom|gender=fem|EmoExpression::markable_339::EmoExpression=True|EmoExpression::markable_339::Polarity=negative|EmoExpression::markable_339::Intensity=medium|num=sg|EmoExpression::markable_339::Sarcasm=false|EmoExpression::markable_339::Uncertain=false|EmoExpression::markable_339::SubjectiveFact=false _ case=nom|gender=fem|num=sg pos=True
377015828522086401	neutral	Töchterchen ( 2 1/2 ) sah heute auf einer Zeitung die #kanzlerin und meinte ganz aufgeregt : " Da ist #Merkel ! " #CDU #btw13	Töchterchen ( 2 1/2 ) sehen heute auf eine Zeitung die #kanzlerin und meinen ganz aufregen : " da sein #Merkel ! " #CDU #btw13	NN $( CARD CARD $( VVFIN ADV APPR ART NN ART NN KON VVFIN ADV VVPP $. $( ADV VAFIN NN $. $( NN CARD	6/SB 1/-- 4/NMC 1/PAR 4/-- 0/-- 6/MO 6/MO 10/NK 8/NK 12/NK 6/OA 6/CD 13/CJ 16/MO 14/MO 16/-- 17/-- 20/MO 14/CJ 20/PD 21/-- 22/-- 23/-- 24/NK	case=nom|gender=fem|num=pl _ _ _ _ pers=3|num=sg|tense=past|mood=ind _ _ case=dat|gender=fem|num=sg case=dat|gender=fem|num=sg case=acc|gender=fem|num=sg case=acc|gender=fem|num=sg _ pers=3|num=sg|tense=past|mood=ind _ pos=True _ _ _ pers=3|num=sg|tense=pres|mood=ind case=nom|gender=masc|num=sg|pers=3 _ _ case=nom|gender=fem|num=sg case=nom|gender=fem|num=sg
369776251726467072	positive	RT @Gilles_PPDE : #Piraten + sind großartig . " Dein Anliegen : unser Antrag " #Openantrag http://t.co/LkkhJ7aomT So geht das mit der Bürgerbetei…	RT @Gilles_PPDE : #Piraten + sein großartig . " dein Anliegen : unser Antrag " #Openantrag http://t.co/LkkhJ7aomT so gehen die mit die Bürgerbetei…	NE ADJD $. NN KON VAFIN ADJD $. $( PPOSAT NN $. PPOSAT NN $( NN NN ADV VVFIN PDS APPR ART NN	0/-- 1/PD 2/-- 6/SB 4/MO 3/-- 6/PD 7/-- 8/-- 11/NK 19/PD 11/-- 14/NK 19/SB 14/-- 14/CJ 16/NK 19/MO 9/-- 19/SB 19/MO 23/NK 21/NK	case=nom|*=True|num=sg pos=True _ case=nom|Target::markable_342::Preferred=true|Sentiment::markable_341::Sentiment=True|gender=masc|Target::markable_342::Target=True|Sentiment::markable_341::Sarcasm=false|Sentiment::markable_341::Intensity=medium|num=pl|Target::markable_342::Anaphref=empty|Sentiment::markable_341::Polarity=positive Sentiment::markable_341::Sentiment=True|Target::markable_342::Target=True pers=3|Sentiment::markable_341::Sentiment=True|num=pl|tense=pres|mood=ind EmoExpression::markable_343::Uncertain=false|EmoExpression::markable_343::Polarity=positive|pos=True|EmoExpression::markable_343::EmoExpression=True|EmoExpression::markable_343::Sarcasm=false|Sentiment::markable_341::Sentiment=True|EmoExpression::markable_343::SubjectiveFact=false|EmoExpression::markable_343::Intensity=strong Sentiment::markable_341::Sentiment=True _ case=nom|gender=neut|num=sg case=nom|gender=neut|num=sg _ case=nom|gender=masc|num=sg case=nom|gender=masc|num=sg case=nom|gender=masc|num=sg|pos=True case=nom|gender=masc|num=sg case=nom|gender=masc|num=sg _ pers=3|num=sg|tense=pres|mood=ind case=nom|gender=neut|num=sg _ case=dat|gender=fem|num=sg case=dat|gender=fem|num=sg
381774329957998592	positive	Zum Glück haben die Vegetarier eh keine Kraft zum Wahllokal zu gehen und die #Grünen zu wählen . #CDU #btw13 #spd #72hSPD #3tw #steinbrück	zu Glück haben die Vegetarier eh keine Kraft zu Wahllokal zu gehen und die #Grünen zu wählen . #CDU #btw13 #spd #72hSPD #3tw #steinbrück	APPRART NN VAFIN ART NN ADV PIAT NN APPRART NN PTKZU VVINF KON ART NN PTKZU VVINF $. NN CARD ADJA NN ADJA NN	12/MO 1/NK 0/-- 5/NK 3/SB 3/MO 8/NK 3/OA 12/MO 9/NK 12/PM 8/OC 12/CD 15/NK 17/OA 17/PM 13/CJ 17/-- 22/NK 22/NK 22/NK 18/-- 24/NK 22/NK	case=dat|EmoExpression::markable_70::Intensity=medium|EmoExpression::markable_70::EmoExpression=True|gender=masc|EmoExpression::markable_70::Polarity=positive|EmoExpression::markable_70::Sarcasm=false|EmoExpression::markable_70::SubjectiveFact=false|Sentiment::markable_68::Sentiment=True|num=sg|Sentiment::markable_68::Intensity=medium|Sentiment::markable_68::Sarcasm=false|Sentiment::markable_68::Polarity=positive|EmoExpression::markable_70::Uncertain=false case=dat|EmoExpression::markable_100500525::Intensity=medium|EmoExpression::markable_100500525::Polarity=positive|EmoExpression::markable_70::EmoExpression=True|gender=masc|EmoExpression::markable_100500525::Sarcasm=false|EmoExpression::markable_100500525::SubjectiveFact=false|Sentiment::markable_68::Sentiment=True|num=sg|EmoExpression::markable_100500525::EmoExpression=True|EmoExpression::markable_100500525::Uncertain=false mood=ind|Target::markable_69::Target=True|Target::markable_69::Preferred=true|Target::markable_69::Anaphref=empty|pers=3|Sentiment::markable_68::Sentiment=True|num=pl|tense=pres case=nom|gender=masc|Target::markable_69::Target=True|num=pl|Sentiment::markable_68::Sentiment=True case=nom|gender=masc|Target::markable_69::Target=True|num=pl|Sentiment::markable_68::Sentiment=True Target::markable_69::Target=True|Sentiment::markable_68::Sentiment=True case=acc|gender=fem|Target::markable_69::Target=True|num=sg|Sentiment::markable_68::Sentiment=True case=acc|EmoExpression::markable_100500526::Polarity=positive|EmoExpression::markable_100500526::Sarcasm=false|Target::markable_69::Target=True|gender=fem|EmoExpression::markable_100500526::SubjectiveFact=false|Sentiment::markable_68::Sentiment=True|num=sg|EmoExpression::markable_100500526::Uncertain=false|EmoExpression::markable_100500526::Intensity=medium|EmoExpression::markable_100500526::EmoExpression=True case=dat|gender=neut|Target::markable_69::Target=True|num=sg|Sentiment::markable_68::Sentiment=True case=dat|gender=neut|Target::markable_69::Target=True|num=sg|Sentiment::markable_68::Sentiment=True Target::markable_69::Target=True|Sentiment::markable_68::Sentiment=True Target::markable_69::Target=True|Sentiment::markable_68::Sentiment=True Target::markable_69::Target=True|Sentiment::markable_68::Sentiment=True case=acc|gender=fem|Target::markable_69::Target=True|num=pl|Sentiment::markable_68::Sentiment=True case=acc|gender=fem|Target::markable_69::Target=True|num=pl|Sentiment::markable_68::Sentiment=True Target::markable_69::Target=True|Sentiment::markable_68::Sentiment=True EmoExpression::markable_100500527::Polarity=positive|EmoExpression::markable_100500527::EmoExpression=True|Target::markable_69::Target=True|Sentiment::markable_68::Sentiment=True|EmoExpression::markable_100500527::Uncertain=false|EmoExpression::markable_100500527::Intensity=medium|EmoExpression::markable_100500527::Sarcasm=false|EmoExpression::markable_100500527::SubjectiveFact=true _ case=nom|gender=fem|num=sg case=nom|gender=fem|num=sg case=nom|gender=fem|num=sg|pos=True case=nom|gender=fem|num=sg case=nom|gender=fem|num=sg|pos=True case=nom|gender=fem|num=sg
381922783791681536	neutral	Bei den Wahlkreisen der #LTWHE in #Frankfurt haben die #Piraten 2,6- 3,0 % erreicht ( 2011 : 2,0 % ) . http://t.co/UTJUSkKWhC	bei die Wahlkreis die #LTWHE in #Frankfurt haben die #Piraten @card@ @card@ % erreichen ( @card@ : @card@ % ) . http://t.co/UTJUSkKWhC	APPR ART NN ART NN APPR NN VAFIN ART NN CARD CARD NN VVPP $( CARD $. CARD NN $( $. NE	14/MO 3/NK 1/NK 5/NK 3/AG 3/MNR 6/NK 0/-- 10/NK 8/SB 12/NMC 13/NK 14/SB 8/OC 14/-- 18/NMC 16/-- 19/NK 14/PAR 19/-- 20/-- 14/OA	_ case=dat|gender=fem|num=pl case=dat|gender=fem|num=pl case=gen|gender=fem|num=sg case=gen|gender=fem|num=sg _ case=dat|gender=neut|num=sg pers=3|num=pl|tense=pres|mood=ind case=nom|gender=fem|num=pl case=nom|gender=fem|num=pl _ _ gender=neut|*=True _ _ _ _ _ gender=neut|*=True _ _ _
365344023940038656	negative	NSA - Affäre : Linke wirft Steinmeier Heuchelei vor - Seit Wochen kritisieren Sozialdemokraten die Regierung im Fall ... http://t.co/y0GZ3s6B4k	Nsa - Affäre : Linke werfen Steinmeier Heuchelei vor - seit Woche kritisieren Sozialdemokrat die Regierung in Fall ... http://t.co/y0GZ3s6B4k	NE $( NN $. NN VVFIN NE NN PTKVZ $( APPR NN VVFIN NN ART NN APPRART NN $. NN	3/SB 1/-- 6/PD 3/-- 6/SB 0/-- 6/DA 6/OA 6/SVP 9/-- 13/MO 11/NK 6/OC 13/SB 16/NK 13/OA 16/MNR 17/NK 18/-- 19/--	case=nom|*=True|num=sg _ case=dat|EmoExpression::markable_349::EmoExpression=True|gender=fem|EmoExpression::markable_349::Intensity=medium|EmoExpression::markable_349::Uncertain=false|EmoExpression::markable_349::Sarcasm=false|EmoExpression::markable_349::SubjectiveFact=false|EmoExpression::markable_349::Polarity=negative|num=sg _ case=nom|Sentiment::markable_344::Polarity=negative|Source::markable_345::Source=True|Sentiment::markable_344::Sentiment=True|*=True|Sentiment::markable_344::Sarcasm=false|num=sg|Sentiment::markable_344::Intensity=medium|Source::markable_345::Anaphref=empty EmoExpression::markable_348::Polarity=negative|EmoExpression::markable_348::Sarcasm=false|mood=ind|Sentiment::markable_344::Sentiment=True|EmoExpression::markable_348::SubjectiveFact=false|pers=3|num=sg|tense=pres|EmoExpression::markable_348::Uncertain=false|EmoExpression::markable_348::EmoExpression=True|EmoExpression::markable_348::Intensity=medium case=dat|num=sg|Target::markable_346::Preferred=true|Target::markable_346::Anaphref=empty|Sentiment::markable_344::Sentiment=True|Target::markable_346::Target=True|*=True case=acc|EmoExpression::markable_347::EmoExpression=True|gender=fem|EmoExpression::markable_347::Intensity=medium|Sentiment::markable_344::Sentiment=True|EmoExpression::markable_347::Polarity=negative|EmoExpression::markable_347::Sarcasm=false|EmoExpression::markable_347::Uncertain=false|num=sg|EmoExpression::markable_347::SubjectiveFact=false Sentiment::markable_344::Sentiment=True|EmoExpression::markable_348::EmoExpression=True _ Sentiment::markable_71::Sarcasm=false|Sentiment::markable_71::Polarity=negative|Sentiment::markable_71::Sentiment=True|Sentiment::markable_71::Intensity=medium case=dat|gender=fem|num=pl|Sentiment::markable_71::Sentiment=True EmoExpression::markable_74::EmoExpression=True|EmoExpression::markable_74::Uncertain=false|EmoExpression::markable_74::Intensity=medium|mood=ind|EmoExpression::markable_74::Polarity=negative|EmoExpression::markable_74::Sarcasm=false|pers=3|num=pl|tense=pres|EmoExpression::markable_74::SubjectiveFact=false|Sentiment::markable_71::Sentiment=True case=nom|num=pl|Source::markable_72::Anaphref=empty|Source::markable_72::Source=True|gender=masc|Sentiment::markable_71::Sentiment=True case=acc|Target::markable_73::Anaphref=empty|num=sg|Target::markable_73::Preferred=true|Target::markable_73::Target=True|gender=fem|Sentiment::markable_71::Sentiment=True case=acc|gender=fem|num=sg|Sentiment::markable_71::Sentiment=True|Target::markable_73::Target=True case=dat|gender=masc|num=sg|Sentiment::markable_71::Sentiment=True case=dat|gender=masc|num=sg|Sentiment::markable_71::Sentiment=True _ case=nom|gender=fem|num=sg
377154108152504321	positive	Nur 9%  halten #ÖVP laut #Karmasin für fähig , gegen #Klimawandel zu arbeiten . Kein Wunder , bei so viel heißer Luft in TV - Duell . #NRW13 #ORF	nur @card@ halten #ÖVP laut #Karmasin für fähig , gegen #Klimawandel zu arbeiten . keine Wunder , bei so viele heiß Luft in TV - Duell . #NRW13 #ORF	ADV CARD VVFIN NN APPR NE APPR ADJD $, APPR NN PTKZU VVINF $. PIAT NN $, APPR ADV PIAT ADJA NN APPR NE $( NN $. CARD ADJA	2/MO 3/SB 0/-- 3/OA 3/MO 5/NK 3/MO 7/NK 8/-- 13/MO 10/NK 13/PM 8/OC 13/-- 16/NK 14/-- 16/-- 16/MO 20/MO 21/MO 22/NK 18/NK 22/MNR 23/NK 24/-- 24/PAR 26/-- 29/MO 27/--	Sentiment::markable_350::Polarity=positive|Sentiment::markable_350::Sarcasm=false|Sentiment::markable_350::Sentiment=True|Sentiment::markable_350::Intensity=medium Source::markable_351::Source=True|Sentiment::markable_350::Sentiment=True|Source::markable_351::Anaphref=empty pers=3|num=pl|tense=pres|mood=ind|Sentiment::markable_350::Sentiment=True case=acc|Target::markable_352::Target=True|num=sg|Sentiment::markable_350::Sentiment=True|Target::markable_352::Preferred=true|gender=masc|Target::markable_352::Anaphref=empty Sentiment::markable_350::Sentiment=True case=dat|*=True|num=sg|Sentiment::markable_350::Sentiment=True Sentiment::markable_350::Sentiment=True Sentiment::markable_350::Sentiment=True|EmoExpression::markable_353::EmoExpression=True|EmoExpression::markable_353::Sarcasm=false|pos=True|EmoExpression::markable_353::Polarity=positive|EmoExpression::markable_353::SubjectiveFact=false|EmoExpression::markable_353::Intensity=medium|EmoExpression::markable_353::Uncertain=false Sentiment::markable_350::Sentiment=True Sentiment::markable_350::Sentiment=True case=acc|gender=masc|num=sg|Sentiment::markable_350::Sentiment=True Sentiment::markable_350::Sentiment=True Sentiment::markable_350::Sentiment=True Sentiment::markable_350::Sentiment=True case=nom|EmoExpression::markable_100500528::EmoExpression=True|gender=masc|EmoExpression::markable_100500528::Uncertain=false|num=sg|EmoExpression::markable_100500528::Intensity=medium|EmoExpression::markable_100500528::SubjectiveFact=false|EmoExpression::markable_100500528::Sarcasm=false|EmoExpression::markable_100500528::Polarity=negative case=nom|gender=masc|num=sg|EmoExpression::markable_100500528::EmoExpression=True _ _ _ *=True case=dat|EmoExpression::markable_100500529::Sarcasm=false|gender=fem|EmoExpression::markable_100500529::SubjectiveFact=false|pos=True|EmoExpression::markable_100500529::Polarity=negative|EmoExpression::markable_100500529::EmoExpression=True|num=sg|EmoExpression::markable_100500529::Uncertain=false|EmoExpression::markable_100500529::Intensity=medium case=dat|gender=fem|num=sg|EmoExpression::markable_100500529::EmoExpression=True _ case=dat|gender=neut|num=sg _ case=dat|gender=neut|num=sg _ _ case=nom|gender=masc|num=pl|comp=True
373431651541712896	neutral	Ich habe ein neues Foto auf Facebook gepostet http://t.co/OBcEW9K1xf	ich haben eine neu Foto auf Facebook gepostet http://t.co/OBcEW9K1xf	PPER VAFIN ART ADJA NN APPR NE VVPP NE	2/SB 0/-- 5/NK 5/NK 8/OA 5/MNR 6/NK 2/OC 8/OA	case=nom|*=True|num=sg|pers=1 pers=1|num=sg|tense=pres|mood=ind case=acc|gender=neut|num=sg case=acc|gender=neut|num=sg|pos=True case=acc|gender=neut|num=sg _ case=acc|gender=neut|num=sg _ _
379271095444320256	negative	RT @csickendieck : Gerüchte über absolute Mehrheit der CSU machen die Runde . FDP raus aus dem Landtag . #ltwby	RT @csickendieck : Gerücht über absolut Mehrheit die CSU machen die Runde . FDP raus aus die Landtag . #ltwby	NE NN $. NN APPR ADJA NN ART NE VVFIN ART NN $. NE ADV APPR ART NN $. NN	2/SB 0/-- 2/-- 10/SB 4/MNR 7/NK 5/NK 9/NK 7/AG 3/-- 12/NK 10/OA 12/-- 13/-- 14/MO 14/MO 18/NK 16/NK 18/-- 19/--	case=nom|*=True|num=sg case=nom|*=True|num=sg _ case=nom|EmoExpression::markable_100500530::EmoExpression=True|gender=neut|EmoExpression::markable_100500530::SubjectiveFact=false|num=pl|EmoExpression::markable_100500530::Polarity=negative|EmoExpression::markable_100500530::Sarcasm=false|EmoExpression::markable_100500530::Uncertain=false|EmoExpression::markable_100500530::Intensity=medium _ case=nom|Intensifier::markable_355::EmoExpressionRef=emo-expression:markable_354|num=sg|Intensifier::markable_355::Intensifier=True|gender=fem|Intensifier::markable_355::Degree=medium|pos=True case=nom|EmoExpression::markable_354::Uncertain=false|EmoExpression::markable_354::Polarity=positive|gender=fem|EmoExpression::markable_354::EmoExpression=True|EmoExpression::markable_354::Sarcasm=false|num=sg|EmoExpression::markable_354::SubjectiveFact=true|EmoExpression::markable_354::Intensity=medium case=gen|gender=fem|num=sg case=gen|gender=fem|num=sg pers=3|num=pl|tense=pres|mood=ind case=acc|gender=fem|num=sg case=acc|gender=fem|num=sg _ case=nom|Sentiment::markable_356::Sentiment=True|gender=fem|Sentiment::markable_356::Intensity=strong|Target::markable_357::Anaphref=empty|Target::markable_357::Preferred=true|num=sg|Sentiment::markable_356::Sarcasm=false|Target::markable_357::Target=True|Sentiment::markable_356::Polarity=negative EmoExpression::markable_358::Uncertain=false|EmoExpression::markable_358::SubjectiveFact=false|EmoExpression::markable_358::Polarity=negative|EmoExpression::markable_358::Sarcasm=false|Sentiment::markable_356::Sentiment=True|EmoExpression::markable_358::EmoExpression=True|EmoExpression::markable_358::Intensity=strong Sentiment::markable_356::Sentiment=True case=dat|gender=masc|Sentiment::markable_356::Sentiment=True|num=sg case=dat|gender=masc|Sentiment::markable_356::Sentiment=True|num=sg Sentiment::markable_356::Sentiment=True case=nom|gender=fem|num=sg
379004355024023553	negative	RT @netnrd : Neuer Blogpost " Bundesregierung verantwortet wissentlich Lügen , Verfassungsbruch und Landesverrat " bei #Piraten #NRW : http://t . …	RT @netnrd : neu Blogpost " Bundesregierung verantworten wissentlich Lüge|Lügen , Verfassungsbruch und Landesverrat " bei #Piraten #NRW : http://t . …	NE ADJD $. ADJA NN $( NN VVFIN ADJD NN $, NN KON NN $( APPR NN ADJD $. NN $. ADJA	0/-- 1/PD 2/-- 5/NK 3/-- 5/-- 8/SB 5/PAR 8/MO 8/OA 10/-- 10/CJ 12/CD 13/CJ 14/-- 10/MNR 16/NK 20/MO 18/-- 17/AG 20/-- 20/MO	case=nom|*=True|num=sg case=nom|*=True|num=sg _ case=nom|gender=masc|num=sg|pos=True case=nom|gender=masc|num=sg Sentiment::markable_359::Polarity=negative|Sentiment::markable_359::Sentiment=True|Sentiment::markable_359::Sarcasm=false|Sentiment::markable_359::Intensity=strong case=nom|Target::markable_360::Preferred=true|num=sg|Target::markable_360::Anaphref=empty|Sentiment::markable_359::Sentiment=True|gender=fem|Target::markable_360::Target=True Sentiment::markable_359::Sentiment=True pos=True|Sentiment::markable_359::Sentiment=True case=acc|EmoExpression::markable_361::Intensity=medium|EmoExpression::markable_361::Polarity=negative|EmoExpression::markable_361::Uncertain=false|gender=fem|EmoExpression::markable_361::SubjectiveFact=false|num=pl|EmoExpression::markable_361::Sarcasm=false|EmoExpression::markable_361::EmoExpression=True|Sentiment::markable_359::Sentiment=True Sentiment::markable_359::Sentiment=True case=acc|EmoExpression::markable_362::Sarcasm=false|EmoExpression::markable_362::Polarity=negative|gender=masc|EmoExpression::markable_362::Intensity=medium|num=sg|Sentiment::markable_359::Sentiment=True|EmoExpression::markable_362::SubjectiveFact=false|EmoExpression::markable_362::EmoExpression=True|EmoExpression::markable_362::Uncertain=false Sentiment::markable_359::Sentiment=True case=acc|EmoExpression::markable_363::Polarity=negative|EmoExpression::markable_363::Intensity=medium|gender=masc|EmoExpression::markable_363::Uncertain=false|EmoExpression::markable_363::Sarcasm=false|EmoExpression::markable_363::SubjectiveFact=false|num=sg|EmoExpression::markable_363::EmoExpression=True|Sentiment::markable_359::Sentiment=True Sentiment::markable_359::Sentiment=True _ case=dat|gender=masc|num=pl pos=True _ _ _ _
366882742815830016	positive	RT @open_thinking : Sie mögen #Drohnen , #Überwachung #PRISM , #VDS , #Bankenrettung #ESM #Schulden , #Armut ? All das geht unter u mit #CDU #CSU …	RT @open_thinking : Sie mögen #Drohnen , #Überwachung #PRISM , #VDS , #Bankenrettung #ESM #Schulden , #Armut ? alle die gehen unter U mit #CDU #CSU …	NE NN $. PPER VMFIN NN $, NN NE $, NN $, NN ADJA NN $, NN $. PIAT PDS VVFIN APPR NN APPR NN NN ADJD	2/SB 0/-- 2/-- 5/SB 3/-- 5/OA 6/-- 6/CJ 8/NK 9/-- 8/CJ 11/-- 11/CJ 15/NK 13/NK 15/-- 13/CJ 17/-- 20/NK 21/SB 18/-- 21/MO 22/NK 21/MO 26/NK 24/NK 21/SVP	case=nom|*=True|num=sg pers=3|num=sg|tense=past|mood=ind _ case=nom|*=True|pers=3|Sentiment::markable_364::Sentiment=True|Sentiment::markable_364::Sarcasm=true|num=pl|Sentiment::markable_364::Polarity=positive|Sentiment::markable_364::Intensity=medium EmoExpression::markable_365::Polarity=positive|mood=ind|EmoExpression::markable_365::EmoExpression=True|EmoExpression::markable_365::Sarcasm=false|pers=3|Sentiment::markable_364::Sentiment=True|num=pl|tense=pres|EmoExpression::markable_365::SubjectiveFact=false|EmoExpression::markable_365::Intensity=medium|EmoExpression::markable_365::Uncertain=false case=acc|gender=neut|num=sg|Sentiment::markable_364::Sentiment=True Sentiment::markable_364::Sentiment=True case=acc|gender=fem|num=sg|Sentiment::markable_364::Sentiment=True case=nom|gender=neut|num=sg|Sentiment::markable_364::Sentiment=True Sentiment::markable_364::Sentiment=True case=nom|gender=fem|num=sg|Sentiment::markable_364::Sentiment=True Sentiment::markable_364::Sentiment=True case=nom|gender=fem|num=sg|Sentiment::markable_364::Sentiment=True case=nom|gender=fem|num=sg|pos=True|Sentiment::markable_364::Sentiment=True case=nom|EmoExpression::markable_366::Polarity=negative|EmoExpression::markable_366::Sarcasm=false|gender=fem|EmoExpression::markable_366::SubjectiveFact=false|Sentiment::markable_364::Sentiment=True|num=sg|EmoExpression::markable_366::Uncertain=false|EmoExpression::markable_366::EmoExpression=True|EmoExpression::markable_366::Intensity=medium Sentiment::markable_364::Sentiment=True case=nom|EmoExpression::markable_367::EmoExpression=True|gender=fem|EmoExpression::markable_367::Intensity=medium|EmoExpression::markable_367::Uncertain=false|EmoExpression::markable_367::Sarcasm=false|EmoExpression::markable_367::SubjectiveFact=false|Sentiment::markable_364::Sentiment=True|EmoExpression::markable_367::Polarity=negative|num=sg Sentiment::markable_364::Sentiment=True Sentiment::markable_364::Sentiment=True|*=True case=nom|gender=neut|num=sg|Sentiment::markable_364::Sentiment=True pers=3|Sentiment::markable_364::Sentiment=True|num=sg|tense=pres|mood=ind Sentiment::markable_364::Sentiment=True case=dat|gender=masc|num=sg|Sentiment::markable_364::Sentiment=True Sentiment::markable_364::Sentiment=True case=dat|Sentiment::markable_364::Sentiment=True|num=sg|Target::markable_368::Target=True|gender=fem|Target::markable_368::Anaphref=empty|Target::markable_368::Preferred=true case=dat|Sentiment::markable_364::Sentiment=True|num=sg|Target::markable_369::Target=True|gender=fem|Target::markable_369::Anaphref=empty|Target::markable_369::Preferred=true Sentiment::markable_364::Sentiment=True|pos=True
366494976126889985	negative	Grüne Jugend Göttingen ruft zur Zerstörung von AfD - Wahlplakaten und Behinderung des Wahlkampfs auf : http://t.co/Eug18HoVhG	Grüne Jugend Göttingen rufen zu Zerstörung von AfD - Wahlplakat und Behinderung die Wahlkampf auf : http://t.co/Eug18HoVhG	NN NN NE VVFIN APPRART NN APPR NN $( NN KON NN ART NN PTKVZ $. NE	4/SB 3/PNC 1/NK 0/-- 4/OP 5/NK 6/PG 7/NK 8/-- 8/CJ 10/CD 11/CJ 14/NK 12/AG 4/SVP 15/-- 14/NK	case=nom|Source::markable_377::Anaphref=empty|Sentiment::markable_376::Polarity=negative|Source::markable_377::Source=True|Sentiment::markable_376::Sentiment=True|*=True|Sentiment::markable_376::Sarcasm=false|Sentiment::markable_376::Intensity=medium|num=pl case=nom|*=True|Sentiment::markable_376::Sentiment=True|num=pl|Source::markable_377::Source=True case=nom|gender=neut|Sentiment::markable_376::Sentiment=True|num=sg|Source::markable_377::Source=True pers=3|Sentiment::markable_376::Sentiment=True|num=sg|tense=pres|mood=ind case=dat|gender=fem|Sentiment::markable_376::Sentiment=True|num=sg case=dat|EmoExpression::markable_378::SubjectiveFact=false|gender=fem|Sentiment::markable_376::Sentiment=True|Target::markable_379::Target=True|EmoExpression::markable_378::Polarity=negative|EmoExpression::markable_378::Intensity=medium|EmoExpression::markable_378::Uncertain=false|num=sg|Target::markable_379::Preferred=true|EmoExpression::markable_378::Sarcasm=false|EmoExpression::markable_378::EmoExpression=True|Target::markable_379::Anaphref=empty Sentiment::markable_376::Sentiment=True|Target::markable_379::Target=True case=dat|gender=fem|Sentiment::markable_376::Sentiment=True|num=sg|Target::markable_379::Target=True Sentiment::markable_376::Sentiment=True|Target::markable_379::Target=True case=dat|gender=neut|Sentiment::markable_376::Sentiment=True|num=pl|Target::markable_379::Target=True Sentiment::markable_376::Sentiment=True case=dat|EmoExpression::markable_380::Sarcasm=false|EmoExpression::markable_380::Intensity=medium|Target::markable_381::Preferred=true|gender=fem|Sentiment::markable_376::Sentiment=True|EmoExpression::markable_380::Polarity=negative|Target::markable_381::Anaphref=empty|Target::markable_381::Target=True|num=sg|EmoExpression::markable_380::Uncertain=false|EmoExpression::markable_380::SubjectiveFact=false|EmoExpression::markable_380::EmoExpression=True case=gen|gender=masc|Sentiment::markable_376::Sentiment=True|num=sg|Target::markable_381::Target=True case=gen|gender=masc|Sentiment::markable_376::Sentiment=True|num=sg|Target::markable_381::Target=True Sentiment::markable_376::Sentiment=True _ case=dat|*=True|num=sg|pers=1
349026756495298560	positive	DTN Germany : Wahlen : Die Rechnung der CSU : Die Christsozialen wollen 2014  wieder stärkste Fraktion im Stadtrat ... http://t.co/y74x1KcBPy	DTN Germany : Wahl : die Rechnung die CSU : die Christsoziale wollen @card@ wieder stark Fraktion in Stadtrat ... http://t.co/y74x1KcBPy	NE NE $. NN $. ART NN ART NE $. ART NN VMFIN CARD ADV ADJA NN APPRART NN $. NN	2/PNC 0/-- 2/-- 0/-- 4/-- 7/NK 4/APP 9/NK 7/AG 9/-- 12/NK 13/SB 2/RS 17/NK 16/MO 17/NK 13/SB 17/MNR 18/NK 19/-- 20/--	*=True case=nom|*=True|num=sg _ case=nom|gender=fem|num=pl _ case=nom|gender=fem|num=sg case=nom|gender=fem|num=sg case=gen|gender=fem|num=sg case=gen|gender=fem|num=sg _ case=acc|gender=fem|num=pl case=acc|gender=fem|num=pl pers=3|num=pl|tense=pres|mood=ind _ _ EmoExpression::markable_372::Intensity=strong|Target::markable_371::Anaphref=empty|EmoExpression::markable_372::Uncertain=false|Sentiment::markable_370::Sarcasm=false|num=sg|Sentiment::markable_370::Sentiment=True|case=nom|Sentiment::markable_370::Polarity=positive|EmoExpression::markable_372::Polarity=positive|gender=fem|Sentiment::markable_370::Intensity=strong|Target::markable_371::Preferred=true|EmoExpression::markable_372::SubjectiveFact=false|EmoExpression::markable_372::Sarcasm=false|sup=True|EmoExpression::markable_372::EmoExpression=True|Target::markable_371::Target=True case=nom|gender=fem|num=sg|Sentiment::markable_370::Sentiment=True|Target::markable_371::Target=True case=dat|gender=masc|num=sg|Sentiment::markable_370::Sentiment=True case=dat|gender=masc|num=sg|Sentiment::markable_370::Sentiment=True _ case=nom|gender=fem|num=sg
382510358210281472	negative	FDP m ( “Die Partei - tief in roten Zahlen , Ende 2012  summierten sich die Schulden bereits auf 8,5 Millionen Euro” http://t.co/RsoLYRZLAD	FDP m ( “Die Partei - tief in rot Zahl , Ende @card@ summieren sich die Schuld bereits auf 8,5 Million Euro” http://t.co/RsoLYRZLAD	NE NN $( NN NN $( ADJD APPR ADJA NN $, NN CARD VVFIN PRF ART NN ADV APPR CARD NN NN NN	2/NK 14/SB 2/-- 2/PAR 4/NK 5/-- 14/MO 14/MO 10/NK 8/NK 10/-- 10/PAR 12/NK 0/-- 14/OA 17/NK 14/SB 14/MO 14/OP 21/NMC 19/NK 21/NK 21/NK	case=nom|gender=fem|num=sg gender=masc|*=True _ case=nom|gender=fem|num=sg case=nom|gender=fem|num=sg _ pos=True _ case=dat|EmoExpression::markable_374::EmoExpression=True|gender=fem|EmoExpression::markable_374::Intensity=medium|pos=True|EmoExpression::markable_374::Uncertain=false|EmoExpression::markable_374::Sarcasm=false|EmoExpression::markable_374::SubjectiveFact=false|EmoExpression::markable_374::Polarity=negative|num=pl case=dat|gender=fem|EmoExpression::markable_374::EmoExpression=True|num=pl _ gender=neut|*=True|num=sg _ pers=3|num=pl|tense=past|mood=ind case=acc|pers=3|num=pl case=nom|gender=fem|num=pl case=nom|EmoExpression::markable_373::Sarcasm=false|EmoExpression::markable_373::Uncertain=false|EmoExpression::markable_373::Polarity=negative|gender=fem|EmoExpression::markable_373::SubjectiveFact=false|num=pl|EmoExpression::markable_373::Intensity=medium|EmoExpression::markable_373::EmoExpression=True _ _ _ case=acc|gender=fem|num=pl gender=masc|*=True|num=sg gender=masc|*=True|num=sg
377912722618204160	positive	@katrinhilger @ZDF Finde AnneWill auch sehr spannend ;-)	@katrinhilger @ZDF finden AnneWill auch sehr spannend ;-)	NN NE VVFIN NE ADV ADV ADJD $(	0/-- 1/-- 2/-- 3/SB 7/MO 7/MO 3/MO 7/--	comp=True case=nom|*=True|num=sg Sentiment::markable_75::Intensity=strong|mood=subj|Sentiment::markable_75::Sentiment=True|Sentiment::markable_75::Sarcasm=false|pers=3|num=sg|tense=pres|Sentiment::markable_75::Polarity=positive case=nom|Target::markable_79::Preferred=true|num=sg|Target::markable_79::Target=True|*=True|Sentiment::markable_75::Sentiment=True|Target::markable_79::Anaphref=empty Sentiment::markable_75::Sentiment=True Intensifier::markable_78::Intensifier=True|Intensifier::markable_78::Degree=medium|Sentiment::markable_75::Sentiment=True|Intensifier::markable_78::EmoExpressionRef=emo-expression:markable_76 EmoExpression::markable_76::Intensity=medium|EmoExpression::markable_76::EmoExpression=True|EmoExpression::markable_76::SubjectiveFact=false|Sentiment::markable_75::Sentiment=True|EmoExpression::markable_76::Uncertain=false|pos=True|EmoExpression::markable_76::Polarity=positive|EmoExpression::markable_76::Sarcasm=false EmoExpression::markable_77::Sarcasm=false|EmoExpression::markable_77::Uncertain=false|EmoExpression::markable_77::Intensity=medium|EmoExpression::markable_77::Polarity=positive|Sentiment::markable_75::Sentiment=True|EmoExpression::markable_77::EmoExpression=True|EmoExpression::markable_77::SubjectiveFact=false
374550516337889280	negative	@FCBianca1900 ist ja wie bei mir . War 2009  auch nur 2 Monate von der Wahlberechtigung entfernt . Fand ich damals ziemlich doof .	@FCBianca1900 sein ja wie bei ich . sein @card@ auch nur 2 Monat von die Wahlberechtigung entfernen . finden ich damals ziemlich doof .	NN VAFIN ADV KOKOM APPR PPER $. VAFIN CARD ADV ADV CARD NN APPR ART NN VVPP $. VVFIN PPER ADV ADV ADJD $.	0/-- 1/-- 2/MO 5/CM 2/MO 5/NK 6/-- 7/-- 17/MO 13/MO 12/MO 13/NK 17/MO 17/MO 16/NK 14/NK 8/PD 17/-- 18/-- 19/SB 19/MO 23/MO 19/MO 23/--	case=nom|gender=fem|num=pl pers=3|num=sg|tense=pres|mood=ind _ _ _ case=dat|*=True|num=sg|pers=1 _ mood=ind|Sentiment::markable_80::Intensity=medium|Target::markable_84::Anaphref=empty|Target::markable_84::Target=True|Sentiment::markable_80::Sentiment=True|pers=3|num=sg|tense=past|Sentiment::markable_80::Sarcasm=false|Sentiment::markable_80::Polarity=negative|Target::markable_84::Preferred=true Target::markable_84::Target=True|Sentiment::markable_80::Sentiment=True Target::markable_84::Target=True|Sentiment::markable_80::Sentiment=True Target::markable_84::Target=True|Sentiment::markable_80::Sentiment=True Target::markable_84::Target=True|Sentiment::markable_80::Sentiment=True case=acc|gender=masc|num=pl|Target::markable_84::Target=True|Sentiment::markable_80::Sentiment=True Target::markable_84::Target=True|Sentiment::markable_80::Sentiment=True case=dat|gender=fem|num=sg|Target::markable_84::Target=True|Sentiment::markable_80::Sentiment=True case=dat|gender=fem|num=sg|Target::markable_84::Target=True|Sentiment::markable_80::Sentiment=True Target::markable_84::Target=True|Sentiment::markable_80::Sentiment=True Sentiment::markable_80::Sentiment=True pers=1|num=sg|tense=past|mood=ind|Sentiment::markable_80::Sentiment=True case=nom|pers=1|num=sg|Source::markable_83::Anaphref=empty|Source::markable_83::Source=True|*=True|Sentiment::markable_80::Sentiment=True Sentiment::markable_80::Sentiment=True Intensifier::markable_82::Degree=medium|Intensifier::markable_82::Intensifier=True|Intensifier::markable_82::EmoExpressionRef=emo-expression:markable_81|Sentiment::markable_80::Sentiment=True EmoExpression::markable_81::SubjectiveFact=false|EmoExpression::markable_81::Intensity=medium|pos=True|EmoExpression::markable_81::Uncertain=false|Sentiment::markable_80::Sentiment=True|EmoExpression::markable_81::EmoExpression=True|EmoExpression::markable_81::Polarity=negative|EmoExpression::markable_81::Sarcasm=false Sentiment::markable_80::Sentiment=True
381111519573860352	neutral	Neue Westfälische ( Bielefeld ): Kommentar Am Sonntag wird ein neuer Bundestag bestimmt Wähler , entscheiden Sie !... http://t.co/A9OSAn7iRF	neu Westfälische ( Bielefeld ): Kommentar an Sonntag werden eine neu Bundestag bestimmen Wähler , entscheiden Sie !... http://t.co/A9OSAn7iRF	ADJA NN $( NE NN NN APPRART NN VAFIN ART ADJA NN VVFIN NN $, VVFIN PPER ADJA NN	2/NK 9/SB 2/-- 5/PNC 2/PAR 5/NK 5/MNR 7/NK 0/-- 12/NK 12/NK 9/SB 16/MO 13/OA 14/-- 9/OC 16/SB 16/MO 18/--	case=nom|gender=fem|num=sg|pos=True case=nom|gender=fem|num=sg _ case=nom|gender=neut|num=sg case=nom|gender=neut|num=sg case=nom|gender=masc|num=sg case=dat|gender=masc|num=sg case=dat|gender=masc|num=sg pers=3|num=sg|tense=pres|mood=ind case=nom|gender=masc|num=sg case=nom|gender=masc|num=sg|pos=True case=nom|gender=masc|num=sg _ case=nom|gender=masc|num=sg _ pers=3|num=pl|tense=pres|mood=ind case=nom|*=True|num=pl|pers=3 case=dat|pers=3|num=pl case=nom|gender=fem|num=sg
375499419962994688	negative	Das #TVDuell hat die politische Stimmung nicht verändert : Union bleibt bei 41 % , SPD bei 26 % . Grüne fallen auf 10%  ( ZDFPolitbarometer ) #btw13	die #TVDuell haben die politisch Stimmung nicht verändern : Union bleiben bei 41 % , SPD bei 26 % . Grüne fallen auf @card@ ( ZDFPolitbarometer ) #btw13	ART NN VAFIN ART ADJA NN PTKNEG VVPP $. NE VVFIN APPR CARD NN $, NE APPR CARD NN $. NN VVFIN APPR CARD $( NN $( CARD	2/NK 3/SB 0/-- 6/NK 6/NK 8/OA 8/NG 3/OC 8/-- 11/SB 3/CJ 11/MO 14/NK 12/NK 14/-- 17/SB 11/CJ 19/NK 17/NK 19/-- 22/SB 20/-- 22/MO 26/NK 24/-- 23/NK 26/-- 23/PAR	case=nom|gender=neut|num=sg case=nom|gender=neut|num=sg pers=3|num=sg|tense=pres|mood=ind case=acc|gender=fem|num=sg case=acc|gender=fem|num=sg|pos=True case=acc|gender=fem|num=sg _ _ _ case=nom|*=True|num=sg pers=3|num=sg|tense=pres|mood=ind _ _ gender=neut|*=True _ case=dat|gender=fem|num=sg _ _ gender=neut|*=True _ case=nom|*=True|num=pl EmoExpression::markable_100500531::Sarcasm=false|mood=ind|EmoExpression::markable_100500531::Uncertain=false|EmoExpression::markable_100500531::Intensity=medium|pers=3|num=pl|tense=pres|EmoExpression::markable_100500531::EmoExpression=True|EmoExpression::markable_100500531::SubjectiveFact=false|EmoExpression::markable_100500531::Polarity=negative _ _ _ case=nom|gender=masc|num=pl _ _
380480590996582400	positive	RT @politlinkx : ◄Der erste Bundestag ohne #FDP ! Am 22.9 . ist das möglich ! #Btw13 #AnneWill #Linke + http://t.co/FDLlXQd4kL	RT @politlinkx : ◄Der erst Bundestag ohne #FDP ! an @card@ . sein die möglich ! #Btw13 #AnneWill #Linke + http://t.co/FDLlXQd4kL	NE ADJD $. ADJA ADJA NN APPR NN $. APPRART CARD $. VAFIN PDS ADJD $. CARD NN NN KON NN	0/-- 1/PD 2/-- 6/NK 6/NK 3/-- 6/MNR 7/NK 8/-- 13/PD 10/NK 11/-- 9/-- 13/SB 13/PD 15/-- 18/NK 16/-- 18/NK 19/CD 20/CJ	case=nom|*=True|num=sg pos=True _ case=nom|Sentiment::markable_375::Sarcasm=false|num=sg|Sentiment::markable_375::Polarity=positive|*=True|Sentiment::markable_375::Sentiment=True|Sentiment::markable_375::Intensity=medium case=nom|gender=masc|num=sg|pos=True|Sentiment::markable_375::Sentiment=True case=nom|gender=masc|num=sg|Sentiment::markable_375::Sentiment=True Negation::markable_100500499::EmoExpressionRef=empty|Negation::markable_100500499::Negation=True|Sentiment::markable_375::Sentiment=True case=acc|Target::markable_100500498::Anaphref=empty|num=sg|Target::markable_100500498::Preferred=true|gender=fem|Target::markable_100500498::Target=True|Sentiment::markable_375::Sentiment=True Sentiment::markable_375::Sentiment=True case=dat|gender=masc|num=sg|Sentiment::markable_375::Sentiment=True Sentiment::markable_375::Sentiment=True Sentiment::markable_375::Sentiment=True pers=3|num=sg|tense=pres|mood=ind|Sentiment::markable_375::Sentiment=True case=nom|gender=neut|num=sg|Sentiment::markable_375::Sentiment=True EmoExpression::markable_100500500::Polarity=positive|EmoExpression::markable_100500500::Sarcasm=false|EmoExpression::markable_100500500::SubjectiveFact=false|pos=True|EmoExpression::markable_100500500::Uncertain=false|EmoExpression::markable_100500500::Intensity=medium|EmoExpression::markable_100500500::EmoExpression=True|Sentiment::markable_375::Sentiment=True Sentiment::markable_375::Sentiment=True _ gender=masc|*=True case=nom|gender=fem|num=sg _ case=nom|gender=fem|num=sg
374922304784171008	mixed	Gibt es eigentlich etwas peinlicheres als diese Frau ?! Oh man… #Nahles - #pippilangstrumpf #spd - #lastRT	geben es eigentlich etwas peinlicheres als dies Frau ?! oh man… #Nahles - #pippilangstrumpf #spd - #lastRT	VVFIN PPER ADV PIAT ADJA KOKOM PDAT NN ADJA ITJ ADJA NN $( NN ADJA $( ADJA	9/MO 1/EP 1/MO 5/MO 1/OA 8/CM 8/NK 5/CC 0/-- 14/NK 12/NK 10/NK 12/-- 9/-- 14/UC 15/-- 14/UC	Sentiment::markable_85::Intensity=medium|Sentiment::markable_85::Sentiment=True|mood=ind|Sentiment::markable_85::Sarcasm=false|pers=3|num=sg|tense=pres|Sentiment::markable_85::Polarity=negative case=nom|gender=neut|num=sg|Sentiment::markable_85::Sentiment=True|pers=3 Sentiment::markable_85::Sentiment=True *=True|Sentiment::markable_85::Sentiment=True case=acc|Sentiment::markable_85::Sentiment=True|EmoExpression::markable_87::Polarity=negative|gender=neut|EmoExpression::markable_87::EmoExpression=True|EmoExpression::markable_87::Intensity=medium|num=sg|comp=True|EmoExpression::markable_87::SubjectiveFact=false|EmoExpression::markable_87::Sarcasm=false|EmoExpression::markable_87::Uncertain=false Sentiment::markable_85::Sentiment=True case=nom|num=sg|Sentiment::markable_85::Sentiment=True|Target::markable_86::Target=True|gender=fem|Target::markable_86::Preferred=true|Target::markable_86::Anaphref=empty case=nom|gender=fem|num=sg|Sentiment::markable_85::Sentiment=True|Target::markable_86::Target=True case=nom|gender=fem|num=sg|pos=True Sentiment::markable_382::Polarity=positive|EmoExpression::markable_384::Polarity=positive|EmoExpression::markable_384::Sarcasm=false|Sentiment::markable_382::Sarcasm=false|EmoExpression::markable_384::SubjectiveFact=false|Sentiment::markable_382::Intensity=medium|Sentiment::markable_382::Sentiment=True|EmoExpression::markable_384::Uncertain=false|EmoExpression::markable_384::EmoExpression=True|EmoExpression::markable_384::Intensity=medium EmoExpression::markable_384::EmoExpression=True|pos=True|Sentiment::markable_382::Sentiment=True case=gen|num=sg|Sentiment::markable_382::Sentiment=True|Target::markable_383::Target=True|gender=neut|Target::markable_383::Anaphref=empty|Target::markable_383::Preferred=true _ case=gen|gender=neut|num=sg case=gen|gender=neut|num=sg|pos=True _ case=gen|gender=neut|num=sg|pos=True
367924202654801921	negative	Also irgendwie weiß ich nicht , ob der Wahlkampf einfach nur einschläfert oder gleich richtig deprimiert ...	also irgendwie wissen ich nicht , ob die Wahlkampf einfach nur einschläfern oder gleich richtig deprimieren ...	ADV ADV VVFIN PPER PTKNEG $, KOUS ART NN ADJD ADV VVFIN KON ADJD ADJD VVPP $.	2/MO 3/MO 0/-- 3/SB 3/NG 5/-- 12/CP 9/NK 12/SB 12/MO 12/MO 3/OC 12/CD 15/MO 16/MO 13/CJ 16/--	Sentiment::markable_385::Intensity=medium|Sentiment::markable_385::Sentiment=True|Sentiment::markable_385::Sarcasm=false|Sentiment::markable_385::Polarity=negative Sentiment::markable_385::Sentiment=True pers=1|Sentiment::markable_385::Sentiment=True|num=sg|tense=pres|mood=ind case=nom|pers=1|Source::markable_386::Source=True|num=sg|Sentiment::markable_385::Sentiment=True|Source::markable_386::Anaphref=empty|*=True Sentiment::markable_385::Sentiment=True Sentiment::markable_385::Sentiment=True Sentiment::markable_385::Sentiment=True case=nom|Sentiment::markable_385::Sentiment=True|Target::markable_387::Target=True|num=sg|gender=masc|Target::markable_387::Preferred=true|Target::markable_387::Anaphref=empty case=nom|gender=masc|Target::markable_387::Target=True|num=sg|Sentiment::markable_385::Sentiment=True Sentiment::markable_385::Sentiment=True|pos=True Diminisher::markable_389::Degree=medium|Diminisher::markable_389::Diminisher=True|Diminisher::markable_389::EmoExpressionRef=emo-expression:markable_388|Sentiment::markable_385::Sentiment=True Sentiment::markable_385::Sentiment=True|mood=ind|EmoExpression::markable_388::EmoExpression=True|EmoExpression::markable_388::Sarcasm=false|EmoExpression::markable_388::Polarity=negative|pers=3|EmoExpression::markable_388::SubjectiveFact=false|num=sg|tense=pres|EmoExpression::markable_388::Intensity=medium|EmoExpression::markable_388::Uncertain=false Sentiment::markable_385::Sentiment=True Sentiment::markable_385::Sentiment=True|pos=True Sentiment::markable_385::Sentiment=True|Intensifier::markable_391::EmoExpressionRef=emo-expression:markable_390|Intensifier::markable_391::Degree=medium|pos=True|Intensifier::markable_391::Intensifier=True Sentiment::markable_385::Sentiment=True|EmoExpression::markable_390::Sarcasm=false|EmoExpression::markable_390::Uncertain=false|EmoExpression::markable_390::Intensity=medium|EmoExpression::markable_390::Polarity=negative|EmoExpression::markable_390::SubjectiveFact=false|EmoExpression::markable_390::EmoExpression=True Sentiment::markable_385::Sentiment=True
375358441382240256	positive	RT @DoroBaer : Repräsentative #Emnid Umfrage : Wer hat das #TVDuell gewonnen ? #Seehofer 62%  #Ude 26%  :-)))	RT @DoroBaer : repräsentativ #Emnid Umfrage : wer haben die #TVDuell gewinnen ? #Seehofer @card@ #Ude @card@ :-)))	NE ADJD $. ADJA ADJA NN $. PWS VAFIN ART NN VVPP $. NN CARD NN CARD NN	0/-- 1/PD 2/-- 6/NK 6/NK 9/PAR 6/-- 9/SB 3/-- 11/NK 12/OA 9/OC 12/-- 13/-- 16/NK 14/MO 18/NK 14/PD	case=nom|*=True|num=sg case=nom|*=True|num=sg _ case=nom|gender=fem|num=pl|pos=True *=True|pos=True case=dat|gender=fem|num=sg _ case=nom|gender=masc|num=sg pers=3|num=sg|tense=pres|mood=ind case=acc|gender=neut|num=sg case=acc|gender=neut|num=sg EmoExpression::markable_392::EmoExpression=True|EmoExpression::markable_392::Intensity=medium|EmoExpression::markable_392::Uncertain=false|EmoExpression::markable_392::Sarcasm=false|EmoExpression::markable_392::SubjectiveFact=false|EmoExpression::markable_392::Polarity=positive _ case=nom|gender=masc|num=sg case=nom|gender=masc|num=sg|pos=True case=nom|gender=masc|num=sg _ case=nom|EmoExpression::markable_88::EmoExpression=True|gender=masc|num=sg|EmoExpression::markable_88::Polarity=positive|EmoExpression::markable_88::Uncertain=false|EmoExpression::markable_88::Intensity=strong|EmoExpression::markable_88::Sarcasm=false|EmoExpression::markable_88::SubjectiveFact=false
374939051918655488	positive	Herr Steinbrück , wir werden Sie nach ihrem eventuellem Wahlerfolg mit den Gewerkschaften zusammenarbeiten ?! @fragpeer	Herr Steinbrück , wir werden Sie nach ihr eventuell Wahlerfolg mit die Gewerkschaft zusammenarbeiten ?! @fragpeer	NN NN $, PPER VAFIN PPER APPR PPOSAT ADJA NN APPR ART NN VVFIN ADJD ADJA	5/VO 1/NK 2/-- 5/SB 0/-- 5/SB 14/MO 10/NK 10/NK 7/NK 10/MNR 13/NK 11/NK 5/OC 14/MO 15/--	case=nom|gender=masc|num=sg case=nom|gender=masc|num=sg _ case=nom|*=True|num=pl|pers=1 pers=1|num=pl|tense=pres|mood=ind case=acc|pers=3|*=True _ case=dat|gender=neut|num=sg case=dat|gender=neut|num=sg|pos=True case=dat|EmoExpression::markable_393::Uncertain=false|EmoExpression::markable_393::EmoExpression=True|EmoExpression::markable_393::SubjectiveFact=false|EmoExpression::markable_393::Intensity=medium|gender=neut|EmoExpression::markable_393::Polarity=positive|EmoExpression::markable_393::Sarcasm=false|num=sg _ case=dat|gender=fem|num=pl case=dat|gender=fem|num=pl EmoExpression::markable_100500532::SubjectiveFact=true|EmoExpression::markable_100500532::Polarity=positive|EmoExpression::markable_100500532::Intensity=medium|EmoExpression::markable_100500532::Sarcasm=false|EmoExpression::markable_100500532::Uncertain=false|EmoExpression::markable_100500532::EmoExpression=True pos=True case=nom|gender=masc|num=sg|pos=True
372815426579075072	negative	RT @Wurfschuh : " Mami , warum sind die Wahlen eigentlich geheim ? " " Weil es schrecklich peinlich ist , die CDU zu wählen , Liebes . "	RT @Wurfschuh : " Mami , warum sein die Wahl eigentlich geheim ? " " weil es schrecklich peinlich sein , die CDU zu wählen , Liebe . "	NE NN $. $( NE $, PWAV VAFIN ART NN ADV ADJD $. $( $( KOUS PPER ADJD ADJD VAFIN $, PRELS NE PTKZU VVINF $, NN $. $(	2/SB 0/-- 2/-- 5/-- 8/VO 5/-- 8/MO 3/-- 10/NK 8/SB 8/MO 8/PD 12/-- 13/-- 16/-- 20/CP 20/SB 19/MO 20/PD 14/-- 20/-- 25/OA 25/OA 25/PM 17/RE 25/-- 20/CJ 27/-- 28/--	case=nom|*=True|num=sg case=nom|*=True|num=sg _ _ case=nom|*=True|num=pl _ _ pers=3|num=pl|tense=pres|mood=ind case=nom|gender=fem|num=pl case=nom|gender=fem|num=pl _ pos=True _ _ Sentiment::markable_89::Sentiment=True|Sentiment::markable_89::Polarity=negative|Sentiment::markable_89::Sarcasm=false|Sentiment::markable_89::Intensity=strong Sentiment::markable_89::Sentiment=True case=nom|gender=neut|Sentiment::markable_89::Sentiment=True|num=sg|pers=3 Sentiment::markable_89::Sentiment=True|Intensifier::markable_92::Intensifier=True|Intensifier::markable_92::Degree=strong|pos=True|Intensifier::markable_92::EmoExpressionRef=emo-expression:markable_91 Sentiment::markable_89::Sentiment=True|EmoExpression::markable_91::Uncertain=false|EmoExpression::markable_91::Sarcasm=false|pos=True|EmoExpression::markable_91::EmoExpression=True|EmoExpression::markable_91::Intensity=medium|EmoExpression::markable_91::SubjectiveFact=false|EmoExpression::markable_91::Polarity=negative pers=3|Sentiment::markable_89::Sentiment=True|num=sg|tense=pres|mood=ind Sentiment::markable_89::Sentiment=True case=nom|Sentiment::markable_89::Sentiment=True|num=sg|Target::markable_90::Target=True|Target::markable_90::Anaphref=empty|gender=fem|Target::markable_90::Preferred=true case=nom|gender=fem|Sentiment::markable_89::Sentiment=True|num=sg|Target::markable_90::Target=True Sentiment::markable_89::Sentiment=True|Target::markable_90::Target=True Sentiment::markable_89::Sentiment=True|Target::markable_90::Target=True Sentiment::markable_89::Sentiment=True case=acc|gender=neut|num=sg EmoExpression::markable_100500501::Polarity=positive|Sentiment::markable_89::Sentiment=True|EmoExpression::markable_100500501::EmoExpression=True|EmoExpression::markable_100500501::Uncertain=false|EmoExpression::markable_100500501::Intensity=medium|EmoExpression::markable_100500501::Sarcasm=false|EmoExpression::markable_100500501::SubjectiveFact=false Sentiment::markable_89::Sentiment=True
382168836117921792	mixed	" 70%  finden Angelika Merkel gut . 70%  finden die Regierung beschissen . In der selben Umfrage " http://t.co/TAtPXcd53e	" @card@ finden Angelika Merkel gut . @card@ finden die Regierung bescheißen . in die selb Umfrage " http://t.co/TAtPXcd53e	$( CARD VVFIN NE NE ADJD $. CARD VVFIN ART NN VVPP $. APPR ART PDAT NN $( NN	2/-- 3/OA 0/-- 3/SB 4/NK 3/MO 6/-- 9/MO 7/-- 11/NK 9/SB 9/MO 12/-- 13/-- 17/NK 17/NK 14/NK 17/-- 17/CJ	_ Source::markable_97::Source=True|Source::markable_97::Anaphref=empty|Sentiment::markable_93::Intensity=medium|Sentiment::markable_93::Sarcasm=false|Sentiment::markable_93::Polarity=positive|Sentiment::markable_93::Sentiment=True pers=3|num=pl|tense=pres|mood=ind|Sentiment::markable_93::Sentiment=True case=dat|Target::markable_98::Anaphref=empty|num=sg|Target::markable_98::Preferred=true|gender=neut|Target::markable_98::Target=True|Sentiment::markable_93::Sentiment=True case=dat|gender=neut|num=sg|Target::markable_98::Target=True|Sentiment::markable_93::Sentiment=True EmoExpression::markable_95::Sarcasm=false|pos=True|Sentiment::markable_93::Sentiment=True|EmoExpression::markable_95::Intensity=medium|EmoExpression::markable_95::Uncertain=false|EmoExpression::markable_95::Polarity=positive|EmoExpression::markable_95::EmoExpression=True|EmoExpression::markable_95::SubjectiveFact=false _ Sentiment::markable_99::Polarity=negative|Source::markable_100::Source=True|Sentiment::markable_99::Intensity=strong|Source::markable_100::Anaphref=empty|Sentiment::markable_99::Sentiment=True|Sentiment::markable_99::Sarcasm=false pers=3|num=pl|tense=pres|mood=ind|Sentiment::markable_99::Sentiment=True case=acc|Target::markable_101::Anaphref=empty|num=sg|Target::markable_101::Preferred=true|gender=fem|Sentiment::markable_99::Sentiment=True|Target::markable_101::Target=True case=acc|gender=fem|num=sg|Sentiment::markable_99::Sentiment=True|Target::markable_101::Target=True EmoExpression::markable_102::SubjectiveFact=false|EmoExpression::markable_102::Intensity=strong|EmoExpression::markable_102::EmoExpression=True|EmoExpression::markable_102::Sarcasm=false|EmoExpression::markable_102::Polarity=negative|Sentiment::markable_99::Sentiment=True|EmoExpression::markable_102::Uncertain=false _ _ case=dat|gender=fem|num=sg case=dat|gender=fem|num=sg case=dat|gender=fem|num=sg _ case=acc|gender=fem|num=sg
381754976059793408	positive	@prosieben ihr wollt wohl unbedingt dass die Leute wählen gehen und nicht das programm ansehen : #catwoman	@prosieben ihr wollen wohl unbedingt dass die Leute wählen gehen und nicht die Programm ansehen : #catwoman	NN PPER VMFIN ADV ADJD KOUS ART NN VVINF VVINF KON PTKNEG ART NN VVINF $. NN	0/-- 3/SB 1/-- 3/MO 10/MO 10/CP 8/NK 10/SB 10/OC 3/OC 10/CD 15/NG 14/NK 15/OA 11/CJ 15/-- 15/PAR	_ case=dat|gender=fem|num=sg|pers=3 EmoExpression::markable_100500533::Sarcasm=false|mood=ind|EmoExpression::markable_100500533::Intensity=medium|pers=2|EmoExpression::markable_100500533::SubjectiveFact=false|num=pl|tense=pres|EmoExpression::markable_100500533::Polarity=positive|EmoExpression::markable_100500533::EmoExpression=True|EmoExpression::markable_100500533::Uncertain=false _ pos=True _ case=nom|*=True|num=pl case=nom|*=True|num=pl EmoExpression::markable_100500534::Polarity=positive|mood=ind|EmoExpression::markable_100500534::EmoExpression=True|pers=3|num=pl|tense=pres|EmoExpression::markable_100500534::Uncertain=false|EmoExpression::markable_100500534::Intensity=medium|EmoExpression::markable_100500534::Sarcasm=false|EmoExpression::markable_100500534::SubjectiveFact=true _ _ _ case=nom|gender=neut|num=sg case=nom|gender=neut|num=sg _ _ gender=masc|*=True
377059665785659392	negative	RT @bgeroot : Traum : Die #CDU - sackt so ab , dass es keine große Koalition geben kann und die #NSA manipuliert dazu die Datenübertragung der …	RT @bgeroot : Traum : die #CDU - sacken so ab , dass es keine groß Koalition geben können und die #NSA manipulieren dazu die Datenübertragung die …	NE NN $. NN $. ART NN $( VVFIN ADV PTKVZ $, KOUS PPER PIAT ADJA NN VVINF VMFIN KON ART NN VVFIN PAV ART NN ART ADJA	2/SB 0/-- 2/-- 9/PD 4/-- 7/NK 9/SB 7/-- 3/-- 9/MO 9/SVP 11/-- 19/CP 19/EP 17/NK 17/NK 18/OA 19/OC 10/RE 19/CD 22/NK 23/SB 20/CJ 13/NK 26/NK 23/OA 28/NK 26/AG	case=nom|*=True|num=sg case=nom|*=True|num=sg _ case=nom|EmoExpression::markable_394::EmoExpression=True|Sentiment::markable_397::Sentiment=True|EmoExpression::markable_394::Polarity=positive|gender=masc|EmoExpression::markable_394::SubjectiveFact=false|Sentiment::markable_397::Polarity=negative|Sentiment::markable_397::Sarcasm=false|EmoExpression::markable_394::Sarcasm=false|EmoExpression::markable_394::Uncertain=false|num=sg|Sentiment::markable_397::Intensity=medium|EmoExpression::markable_394::Intensity=medium Sentiment::markable_397::Sentiment=True case=nom|num=sg|Target::markable_398::Anaphref=empty|gender=fem|Target::markable_398::Target=True|Sentiment::markable_397::Sentiment=True|Target::markable_398::Preferred=true case=nom|gender=fem|Target::markable_398::Target=True|num=sg|Sentiment::markable_397::Sentiment=True Sentiment::markable_397::Sentiment=True EmoExpression::markable_395::Uncertain=false|mood=ind|EmoExpression::markable_395::SubjectiveFact=false|EmoExpression::markable_395::Sarcasm=false|Sentiment::markable_397::Sentiment=True|EmoExpression::markable_395::Polarity=negative|pers=3|num=sg|tense=pres|EmoExpression::markable_395::Intensity=medium|EmoExpression::markable_395::EmoExpression=True Intensifier::markable_396::EmoExpressionRef=emo-expression:markable_395|Sentiment::markable_397::Sentiment=True|Intensifier::markable_396::Degree=medium|Intensifier::markable_396::Intensifier=True Sentiment::markable_397::Sentiment=True|EmoExpression::markable_395::EmoExpression=True _ _ case=nom|gender=neut|num=sg|pers=3 case=acc|gender=fem|num=sg case=acc|gender=fem|num=sg|pos=True case=acc|gender=fem|num=sg _ pers=3|num=sg|tense=pres|mood=ind _ case=nom|gender=fem|num=sg case=nom|gender=fem|num=sg EmoExpression::markable_100500535::Polarity=negative|mood=ind|EmoExpression::markable_100500535::Sarcasm=false|EmoExpression::markable_100500535::SubjectiveFact=false|pers=3|num=sg|tense=pres|EmoExpression::markable_100500535::Uncertain=false|EmoExpression::markable_100500535::Intensity=medium|EmoExpression::markable_100500535::EmoExpression=True _ case=acc|gender=fem|num=sg case=acc|gender=fem|num=sg case=gen|gender=fem|num=sg case=gen|gender=fem|num=sg|pos=True
375277360201089024	neutral	RT @VI_UP : Ich bin gerade dieses #tvduell am watchen sein und tu mich fragen wo dieser @therealmoneyboy am sein ist . #moneyboyforkanzler	RT @VI_UP : ich sein gerade dies #tvduell an watchen sein und tun ich fragen wo dies @therealmoneyboy an sein sein . #moneyboyforkanzler	NE NN $. PPER VAFIN ADV PDAT NN APPRART NN VAINF KON VVFIN PRF VVFIN PWAV PDAT NN APPRART VAINF VAFIN $. NN	2/SB 0/-- 2/-- 5/SB 3/-- 11/MO 8/NK 11/PD 8/MNR 9/NK 5/OC 5/CD 12/CJ 13/OA 13/MO 18/MO 18/NK 15/OA 20/MO 21/PD 18/-- 21/-- 22/--	case=nom|*=True|num=sg case=nom|*=True|num=sg _ case=nom|*=True|num=sg|pers=1 pers=1|num=sg|tense=pres|mood=ind _ case=acc|gender=neut|num=sg case=acc|gender=neut|num=sg case=dat|gender=masc|num=sg case=dat|gender=masc|num=sg _ _ pers=1|num=sg|tense=past|mood=ind case=acc|*=True|num=sg|pers=1 _ _ case=nom|gender=masc|num=sg case=nom|gender=masc|num=sg case=dat|gender=masc|num=sg _ pers=3|num=sg|tense=pres|mood=ind _ case=nom|gender=masc|num=sg
358618567027077121	positive	Was hab ich als Wähler von eurem feudalen Parteisystem ? Ich will Volksvetreter , keine weitere Führer . #SPD #CDU #FDP #Grüne #Piratenpartei	was haben ich als Wähler von euer feudal Parteisystem ? ich wollen Volksvetreter , keine weit Führer . #SPD #CDU #FDP #Grüne #Piratenpartei	PIS VAIMP PPER KOKOM NN APPR PPOSAT ADJA NN $. PPER VMFIN NN $, PIAT ADJA NN $. ADJA NN NN ADJA NN	0/-- 1/NK 1/PH 5/CM 1/CC 5/PG 9/NK 9/NK 6/NK 9/-- 12/SB 10/-- 12/OA 13/-- 17/NK 17/NK 12/OA 17/-- 20/NK 18/-- 20/NK 23/NK 20/PD	case=acc|gender=neut|num=sg pers=1|num=sg|tense=pres|mood=ind case=nom|*=True|num=sg|pers=1 _ case=nom|gender=masc|num=pl _ case=dat|gender=neut|num=sg case=dat|gender=neut|num=sg|pos=True case=dat|gender=neut|num=sg _ case=nom|Source::markable_400::Anaphref=empty|*=True|Source::markable_403::Anaphref=empty|pers=1|Sentiment::markable_399::Sentiment=True|Sentiment::markable_399::Sarcasm=false|num=sg|Sentiment::markable_399::Polarity=positive|Source::markable_400::Source=True|Source::markable_403::Source=True|Sentiment::markable_399::Intensity=medium EmoExpression::markable_401::Polarity=positive|EmoExpression::markable_401::SubjectiveFact=false|mood=ind|EmoExpression::markable_401::Sarcasm=false|EmoExpression::markable_401::EmoExpression=True|EmoExpression::markable_401::Intensity=medium|pers=1|Sentiment::markable_399::Sentiment=True|num=sg|tense=pres|EmoExpression::markable_401::Uncertain=false case=nom|Target::markable_402::Anaphref=empty|num=pl|Sentiment::markable_399::Sentiment=True|gender=masc|Target::markable_402::Target=True|Target::markable_402::Preferred=true _ case=nom|Negation::markable_405::Negation=True|Negation::markable_405::EmoExpressionRef=empty|gender=masc|Target::markable_404::Anaphref=empty|Sentiment::markable_403::Intensity=medium|Target::markable_404::Preferred=true|Sentiment::markable_403::Sarcasm=false|num=pl|Target::markable_404::Target=True|Sentiment::markable_403::Polarity=positive|Sentiment::markable_403::Sentiment=True case=nom|num=pl|Target::markable_404::Target=True|comp=True|gender=masc|Sentiment::markable_403::Sentiment=True case=acc|gender=masc|num=sg|Target::markable_404::Target=True|Sentiment::markable_403::Sentiment=True _ _ case=nom|gender=fem|num=sg case=nom|gender=fem|num=sg case=nom|gender=fem|num=sg|pos=True case=nom|gender=fem|num=sg
382944500370649088	mixed	RT @tri_tra_trulala : Wünsche mir MwSt von 25 % , Benzinsteuer rauf ... und und und - die brauchen das , die Deutschen !! #Stimmvieh #CDU #CSU # …	RT @tri_tra_trulala : wünschen ich MwSt von 25 % , Benzinsteuer rauf ... und und und - die brauchen die , die deutsch !! #Stimmvieh #CDU #CSU # …	NE NN $. VVFIN PPER NN APPR CARD NN $, NN ADV $. KON KON KON $( PRELS VVFIN PDS $, ART ADJA ADJA NN NN NN XY ADJA	2/SB 0/-- 2/-- 3/-- 4/DA 4/OA 6/MNR 9/NK 7/NK 9/-- 9/NK 9/MNR 12/-- 19/JU 19/CD 15/CD 16/-- 19/SB 13/-- 19/SB 20/-- 23/NK 19/MO 19/MO 24/-- 25/NK 29/OA 24/-- 25/PAR	case=nom|gender=fem|num=sg case=nom|Sentiment::markable_408::Sarcasm=true|gender=fem|Sentiment::markable_408::Intensity=medium|Source::markable_100500505::Source=True|Sentiment::markable_408::Sentiment=True|num=sg|Source::markable_100500505::Anaphref=empty|Sentiment::markable_408::Polarity=negative Sentiment::markable_408::Sentiment=True mood=subj|EmoExpression::markable_409::EmoExpression=True|EmoExpression::markable_409::Polarity=positive|EmoExpression::markable_409::Sarcasm=false|pers=3|EmoExpression::markable_409::Intensity=medium|Sentiment::markable_408::Sentiment=True|num=sg|tense=pres|EmoExpression::markable_409::SubjectiveFact=false|EmoExpression::markable_409::Uncertain=false case=dat|pers=1|Sentiment::markable_408::Sentiment=True|num=sg|Source::markable_410::Source=True|Source::markable_410::Anaphref=empty|*=True case=acc|Target::markable_411::Target=True|Sentiment::markable_408::Sentiment=True|num=sg|Target::markable_411::Preferred=true|gender=fem|Target::markable_411::Anaphref=empty Target::markable_411::Target=True|Sentiment::markable_408::Sentiment=True Target::markable_411::Target=True|Sentiment::markable_408::Sentiment=True Target::markable_411::Target=True|gender=neut|Sentiment::markable_408::Sentiment=True|*=True Sentiment::markable_408::Sentiment=True case=nom|Sentiment::markable_408::Sentiment=True|num=sg|Target::markable_412::Target=True|gender=fem|Target::markable_412::Anaphref=empty|Target::markable_412::Preferred=true Sentiment::markable_408::Sentiment=True|Target::markable_412::Target=True _ _ _ _ _ case=nom|Sentiment::markable_100500506::Sentiment=True|Source::markable_100500507::Anaphref=markable_100500508|gender=fem|Sentiment::markable_100500506::Intensity=medium|Source::markable_100500507::Source=True|num=pl|Sentiment::markable_100500506::Polarity=positive|Sentiment::markable_100500506::Sarcasm=false EmoExpression::markable_100500509::Uncertain=false|EmoExpression::markable_100500509::Intensity=medium|Sentiment::markable_100500506::Sentiment=True|mood=ind|EmoExpression::markable_100500509::Polarity=positive|EmoExpression::markable_100500509::EmoExpression=True|pers=3|num=pl|tense=pres|EmoExpression::markable_100500509::SubjectiveFact=false|EmoExpression::markable_100500509::Sarcasm=false case=acc|num=sg|Target::markable_100500510::Target=True|Sentiment::markable_100500506::Sentiment=True|Target::markable_100500510::Preferred=true|gender=neut|Target::markable_100500510::Anaphref=markable_411 Sentiment::markable_100500506::Sentiment=True case=acc|num=pl|Sentiment::markable_100500506::Sentiment=True|*=True|Source::markable_100500508::Source=True|Source::markable_100500508::Anaphref=empty case=acc|*=True|Sentiment::markable_100500506::Sentiment=True|num=pl|Source::markable_100500508::Source=True case=acc|*=True|num=pl|pos=True|Sentiment::markable_100500506::Sentiment=True case=nom|EmoExpression::markable_413::EmoExpression=True|gender=fem|EmoExpression::markable_413::Intensity=medium|EmoExpression::markable_413::Polarity=negative|EmoExpression::markable_413::Sarcasm=false|EmoExpression::markable_413::Uncertain=false|num=sg|EmoExpression::markable_413::SubjectiveFact=false case=nom|gender=fem|num=sg case=nom|gender=fem|num=sg case=nom|gender=fem|num=sg case=nom|gender=fem|num=sg|pos=True
351368373612978176	positive	RT @hdBerretz : Bietet #snowden politischen Asyl bei uns an ! Er hat mehr für uns getan als alle Bushs + Obama ! #cdu , #csu , #spd , #gruene http:/…	RT @hdBerretz : bieten #snowden politisch Asyl bei wir an ! er haben mehr für wir tun als alle Bush + Obama ! #cdu , #csu , #spd , #gruene http:/…	NE NN $. VVFIN ADJD ADJA NN APPR PPER PTKVZ $. PPER VAFIN ADV APPR PRF VVPP KOKOM PIAT NE KON NN $. NN $, NN $, NN $, ADJA NN	2/SB 0/-- 2/-- 3/-- 4/MO 7/NK 4/OA 7/MNR 8/NK 4/SVP 10/-- 13/SB 11/-- 15/MO 17/MO 15/NK 13/OC 20/CM 18/NK 14/CC 20/CD 21/CJ 22/-- 23/-- 24/-- 24/CJ 26/-- 26/CJ 28/-- 31/NK 28/CJ	case=nom|*=True|num=sg case=nom|*=True|num=sg _ Sentiment::markable_414::Intensity=medium|mood=ind|Sentiment::markable_414::Sarcasm=false|Sentiment::markable_414::Polarity=positive|pers=3|num=sg|tense=pres|Sentiment::markable_414::Sentiment=True Target::markable_415::Anaphref=markable_417|Sentiment::markable_414::Sentiment=True|Target::markable_415::Target=True|pos=True|Target::markable_415::Preferred=true case=acc|gender=masc|num=sg|pos=True|Sentiment::markable_414::Sentiment=True case=acc|EmoExpression::markable_100500502::Uncertain=false|EmoExpression::markable_100500502::Polarity=positive|EmoExpression::markable_100500502::Sarcasm=false|gender=masc|Sentiment::markable_414::Sentiment=True|num=sg|EmoExpression::markable_100500502::Intensity=weak|EmoExpression::markable_100500502::SubjectiveFact=false|EmoExpression::markable_100500502::EmoExpression=True Sentiment::markable_414::Sentiment=True case=dat|*=True|num=pl|Sentiment::markable_414::Sentiment=True|pers=1 Sentiment::markable_414::Sentiment=True Intensifier::markable_100500503::Degree=medium|Intensifier::markable_100500503::EmoExpressionRef=empty|Intensifier::markable_100500503::Intensifier=True|Sentiment::markable_414::Sentiment=True case=nom|Target::markable_417::Target=True|Sentiment::markable_416::Intensity=medium|gender=masc|Target::markable_417::Preferred=true|pers=3|num=sg|Sentiment::markable_416::Sentiment=True|Sentiment::markable_416::Sarcasm=false|Sentiment::markable_416::Polarity=comparison|Target::markable_417::Anaphref=empty pers=3|Sentiment::markable_416::Sentiment=True|num=sg|tense=pres|mood=ind EmoExpression::markable_420::SubjectiveFact=false|Sentiment::markable_416::Sentiment=True|*=True|EmoExpression::markable_420::Intensity=medium|EmoExpression::markable_420::Uncertain=false|EmoExpression::markable_420::Sarcasm=false|EmoExpression::markable_420::EmoExpression=True|EmoExpression::markable_420::Polarity=positive Sentiment::markable_416::Sentiment=True case=dat|*=True|num=pl|Sentiment::markable_416::Sentiment=True|pers=1 Sentiment::markable_416::Sentiment=True Sentiment::markable_416::Sentiment=True case=acc|gender=neut|num=sg|Sentiment::markable_416::Sentiment=True case=acc|num=sg|Target::markable_418::Anaphref=empty|Sentiment::markable_416::Sentiment=True|gender=neut|Target::markable_418::Preferred=false|Target::markable_418::Target=True Sentiment::markable_416::Sentiment=True case=acc|num=sg|Target::markable_419::Anaphref=empty|Target::markable_419::Preferred=false|Target::markable_419::Target=True|gender=neut|Sentiment::markable_416::Sentiment=True Sentiment::markable_416::Sentiment=True|Intensifier::markable_100500504::Intensifier=True|Intensifier::markable_100500504::Degree=medium|Intensifier::markable_100500504::EmoExpressionRef=empty case=nom|gender=masc|num=sg _ case=nom|gender=masc|num=sg _ case=nom|gender=masc|num=sg _ case=nom|gender=neut|num=sg|pos=True case=nom|gender=neut|num=sg
374623907606974465	neutral	@TuT_Parody der Marlboro Mann würde auch etwas Yes we can ... mit in den Wahlkampf bringen !	@TuT_Parody die Marlboro Mann werden auch etwas Yes we can ... mit in die Wahlkampf bringen !	NN ART NN NN VAFIN ADV PIAT ADJA FM FM $. APPR APPR ART NN VVINF $.	0/-- 3/NK 5/SB 3/NK 1/-- 10/MO 8/MO 10/NK 10/PNC 5/SB 10/-- 11/-- 16/MO 15/NK 13/NK 12/NK 16/--	_ case=nom|gender=masc|num=sg case=nom|gender=masc|num=sg case=nom|gender=masc|num=sg pers=3|num=sg|tense=past|mood=subj _ *=True case=nom|gender=neut|num=sg *=True *=True _ _ _ case=acc|gender=masc|num=sg case=acc|gender=masc|num=sg _ _
377515632549306369	positive	RT @tazgezwitscher : #AFD will nicht nur die D - Mark zurück – sondern auch die traditionelle Familie . Frauenfeindlichkeit wird versteckt htt…	RT @tazgezwitscher : #AFD wollen nicht nur die D - Mark zurück – sondern auch die traditionell Familie . Frauenfeindlichkeit werden verstecken htt…	NE ADJD $. ADJD VMFIN PTKNEG ADV ART NN $( NN PTKVZ NN KON ADV ART ADJA NN $. NN VAFIN VVPP NN	0/-- 1/PD 2/-- 5/MO 3/-- 7/NG 9/MO 9/NK 5/SB 9/-- 9/PAR 11/UC 11/UC 9/CD 18/MO 18/NK 18/NK 14/CJ 18/-- 21/SB 19/-- 21/OC 22/OA	case=nom|*=True|num=sg comp=True _ Sentiment::markable_422::Sentiment=True|Source::markable_423::Anaphref=empty|Sentiment::markable_422::Sarcasm=false|Sentiment::markable_422::Intensity=medium|Sentiment::markable_422::Polarity=positive|pos=True|Source::markable_423::Source=True EmoExpression::markable_424::Intensity=medium|Sentiment::markable_422::Sentiment=True|EmoExpression::markable_424::Sarcasm=false|mood=ind|EmoExpression::markable_424::Polarity=positive|pers=3|EmoExpression::markable_424::Uncertain=false|num=sg|tense=pres|EmoExpression::markable_424::SubjectiveFact=false|EmoExpression::markable_424::EmoExpression=True Sentiment::markable_422::Sentiment=True Sentiment::markable_422::Sentiment=True case=nom|Sentiment::markable_422::Sentiment=True|num=sg|Target::markable_425::Anaphref=empty|gender=fem|Target::markable_425::Preferred=true|Target::markable_425::Target=True case=nom|gender=fem|Sentiment::markable_422::Sentiment=True|num=sg|Target::markable_425::Target=True Sentiment::markable_422::Sentiment=True|Target::markable_425::Target=True gender=fem|Sentiment::markable_422::Sentiment=True|*=True|Target::markable_425::Target=True Sentiment::markable_422::Sentiment=True Sentiment::markable_422::Sentiment=True Sentiment::markable_422::Sentiment=True Sentiment::markable_422::Sentiment=True case=acc|Target::markable_426::Anaphref=empty|num=sg|Target::markable_426::Preferred=true|gender=fem|Sentiment::markable_422::Sentiment=True|Target::markable_426::Target=True case=acc|Sentiment::markable_422::Sentiment=True|num=sg|gender=fem|pos=True|Target::markable_426::Target=True case=acc|gender=fem|Sentiment::markable_422::Sentiment=True|num=sg|Target::markable_426::Target=True Sentiment::markable_422::Sentiment=True case=nom|EmoExpression::markable_100500511::Intensity=medium|EmoExpression::markable_100500511::Sarcasm=false|gender=fem|EmoExpression::markable_100500511::Polarity=negative|num=sg|EmoExpression::markable_100500511::EmoExpression=True|EmoExpression::markable_100500511::SubjectiveFact=false|EmoExpression::markable_100500511::Uncertain=false pers=3|num=sg|tense=pres|mood=ind _ _
365019335053422592	positive	! @borderline44 #LiNKE #Mollath #boes #HartzIV NUR d #EMPATHIE MIT UNS SELBST BEFÄHIGT UNS z ECHTEN #DEMOKRATIE JETZT http://t.co/lbAeTLcMLb	! @borderline44 #LiNKE #Mollath #boes #HartzIV NUR d #EMPATHIE MIT sie selbst befähigen sie z echt #DEMOKRATIE jetzt http://t.co/lbAeTLcMLb	$. CARD NN ADJA NN NN NE ADJA NN NE PPER ADV VVFIN PPER ADJD ADJA NN ADV NN	0/-- 1/-- 11/RE 5/NK 3/NK 3/CJ 6/NK 9/NK 6/APP 9/NK 13/SB 11/MNR 2/-- 13/SB 16/MO 17/NK 13/SB 13/MO 13/OA	_ _ case=nom|gender=fem|num=sg case=nom|gender=fem|num=sg|pos=True case=nom|gender=fem|num=sg case=nom|gender=fem|num=sg case=nom|gender=fem|num=sg _ EmoExpression::markable_104::Intensity=medium|EmoExpression::markable_104::SubjectiveFact=false|EmoExpression::markable_104::EmoExpression=True|gender=fem|Sentiment::markable_103::Polarity=positive|*=True|EmoExpression::markable_104::Uncertain=false|num=sg|Sentiment::markable_103::Intensity=medium|Sentiment::markable_103::Sarcasm=false|EmoExpression::markable_104::Polarity=positive|Sentiment::markable_103::Sentiment=True|EmoExpression::markable_104::Sarcasm=false Target::markable_105::Preferred=true|Target::markable_105::Anaphref=empty|gender=fem|Target::markable_105::Target=True|*=True|pos=True|num=sg|Sentiment::markable_103::Sentiment=True gender=fem|Target::markable_105::Target=True|*=True|num=sg|Sentiment::markable_103::Sentiment=True Target::markable_105::Target=True|Sentiment::markable_103::Sentiment=True gender=fem|*=True|num=sg gender=fem|*=True|num=sg pos=True gender=fem|*=True|num=sg|pos=True gender=fem|*=True|num=sg _ gender=fem|*=True|num=sg
356669402596392960	positive	RT @b_riexinger : Aus Sicht der SPD sprechen doch v. a. zwei Gründe gegen einen Prism - UA : Schröder und Steinmeier . Mitwisser , Mittäter , Lauts…	RT @b_riexinger : aus Sicht die SPD sprechen doch von a. zwei Grund gegen eine Prism - UA : Schröder und Steinmeier . Mitwisser , Mittäter , Lauts…	NE NN $. APPR NN ART NE VVFIN ADV APPR ADJA CARD NN APPR ART NN $( NN $. NE KON NE $. NN $, NN $, NN	2/SB 0/-- 2/-- 8/MO 4/NK 7/NK 5/AG 3/-- 8/MO 8/MO 13/NK 13/NK 10/NK 13/MNR 16/NK 14/NK 16/-- 8/OA 18/-- 18/MO 20/CD 21/CJ 22/-- 23/-- 24/-- 24/CJ 26/-- 26/CJ	case=nom|*=True|num=sg case=nom|*=True|num=sg _ Sentiment::markable_427::Polarity=positive|Sentiment::markable_427::Sentiment=True|Sentiment::markable_427::Sarcasm=false|Sentiment::markable_427::Intensity=medium case=dat|gender=fem|num=sg|Sentiment::markable_427::Sentiment=True case=dat|gender=fem|num=sg|Sentiment::markable_427::Sentiment=True case=dat|gender=fem|num=sg|Sentiment::markable_427::Sentiment=True EmoExpression::markable_430::Intensity=medium|mood=ind|EmoExpression::markable_430::EmoExpression=True|EmoExpression::markable_430::SubjectiveFact=false|Sentiment::markable_427::Sentiment=True|EmoExpression::markable_430::Uncertain=false|pers=3|num=pl|tense=pres|EmoExpression::markable_430::Polarity=negative|EmoExpression::markable_430::Sarcasm=false Sentiment::markable_427::Sentiment=True Sentiment::markable_427::Sentiment=True case=dat|gender=neut|num=pl|pos=True|Sentiment::markable_427::Sentiment=True Sentiment::markable_427::Sentiment=True case=acc|gender=masc|num=pl|Sentiment::markable_427::Sentiment=True EmoExpression::markable_430::EmoExpression=True|Sentiment::markable_427::Sentiment=True case=acc|num=sg|Target::markable_431::Preferred=true|Target::markable_431::Anaphref=empty|gender=masc|Target::markable_431::Target=True|Sentiment::markable_427::Sentiment=True case=acc|gender=masc|Target::markable_431::Target=True|num=sg|Sentiment::markable_427::Sentiment=True Target::markable_431::Target=True|Sentiment::markable_427::Sentiment=True case=acc|gender=fem|Target::markable_431::Target=True|num=sg|Sentiment::markable_427::Sentiment=True Sentiment::markable_427::Sentiment=True case=acc|num=sg|Source::markable_428::Source=True|*=True|Source::markable_428::Anaphref=empty|Sentiment::markable_427::Sentiment=True Sentiment::markable_427::Sentiment=True case=acc|num=sg|Source::markable_429::Source=True|*=True|Source::markable_429::Anaphref=empty|Sentiment::markable_427::Sentiment=True Sentiment::markable_427::Sentiment=True case=nom|EmoExpression::markable_432::Uncertain=false|EmoExpression::markable_432::EmoExpression=True|EmoExpression::markable_432::SubjectiveFact=false|EmoExpression::markable_432::Intensity=medium|gender=masc|EmoExpression::markable_432::Polarity=negative|EmoExpression::markable_432::Sarcasm=false|num=sg _ case=nom|EmoExpression::markable_433::SubjectiveFact=false|gender=masc|num=sg|EmoExpression::markable_433::Intensity=medium|EmoExpression::markable_433::Uncertain=false|EmoExpression::markable_433::Sarcasm=false|EmoExpression::markable_433::EmoExpression=True|EmoExpression::markable_433::Polarity=negative _ case=nom|gender=masc|num=sg
373787618825502720	neutral	Fernsehduell : Medium und Botschaft ( von Daniel Deckers ) http://t.co/21J2OPoxI6	Fernsehduell : Medium und Botschaft ( von Daniel Decker ) http://t.co/21J2OPoxI6	NN $. NN KON NN $( APPR NE NE $( CARD	0/-- 1/-- 1/SB 3/CD 4/CJ 5/-- 1/PG 9/PNC 7/NK 9/-- 9/PNC	case=nom|gender=neut|num=sg _ case=nom|gender=neut|num=sg _ case=nom|gender=fem|num=sg _ _ *=True case=gen|*=True|num=sg _ _
382502324171587584	neutral	RT @dafLOh : “ @hagenbaeumer Die #Piraten haben i. d. letzten4Jahren auf 3,7 Mio€ aus d. Parteienfinanzierung verzichtet . Soviel z. Wirtschaftskomp…	RT @dafLOh : “ @hagenbaeumer die #Piraten haben in d. letzten4Jahren auf 3,7 Mio€ aus d. Parteienfinanzierung verzichten . soviele z. Wirtschaftskomp…	NE NN $. ADJA NN ART NN VAFIN APPR ART NN APPR CARD NE APPR ART NN VVPP $. PIS APPR NN	2/SB 0/-- 2/-- 5/NK 3/-- 7/NK 8/SB 5/-- 18/MO 11/NK 9/NK 11/MNR 14/NK 12/NK 18/MO 17/NK 15/NK 8/OC 18/-- 19/-- 20/MNR 21/NK	case=nom|*=True|num=sg case=nom|*=True|num=sg _ _ _ case=nom|*=True|num=pl case=nom|*=True|num=pl pers=3|num=pl|tense=pres|mood=ind _ case=dat|gender=neut|num=pl case=dat|gender=neut|num=pl _ _ gender=fem|*=True _ case=dat|gender=fem|num=sg case=dat|gender=fem|num=sg _ _ *=True _ case=dat|gender=fem|num=sg
374633220794777600	positive	Grüne finden im Sportausschuss keine Mehrheit für Anti - Doping - Gesetz . Union votiert wie FDP dagegen . Auch Linke und SPD stimmen nicht zu .	Grüne finden in Sportausschuss keine Mehrheit für Anti - Doping - Gesetz . Union votieren wie FDP dagegen . auch Linke und SPD stimmen nicht zu .	NN VVFIN APPRART NN PIAT NN APPR ADJA $( NN $( NN $. NE VVFIN KOKOM NE PAV $. ADV NN KON NE VVFIN PTKNEG PTKVZ $.	2/SB 0/-- 2/MO 3/NK 6/NK 2/OA 6/MNR 12/NK 8/-- 12/NK 10/-- 7/NK 12/-- 15/SB 13/-- 17/CM 15/MO 13/NK 17/-- 21/MO 24/SB 21/CD 22/CJ 19/-- 24/NG 24/SVP 26/--	case=nom|Source::markable_435::Source=True|Source::markable_435::Anaphref=empty|Sentiment::markable_434::Polarity=positive|*=True|Sentiment::markable_434::Sentiment=True|Sentiment::markable_434::Sarcasm=false|num=pl|Sentiment::markable_434::Intensity=medium mood=ind|EmoExpression::markable_436::EmoExpression=True|EmoExpression::markable_436::Sarcasm=false|Sentiment::markable_434::Sentiment=True|EmoExpression::markable_436::Polarity=positive|pers=3|EmoExpression::markable_436::SubjectiveFact=false|num=pl|tense=pres|EmoExpression::markable_436::Intensity=medium|EmoExpression::markable_436::Uncertain=false case=dat|gender=neut|num=sg|Sentiment::markable_434::Sentiment=True case=dat|gender=neut|num=sg|Sentiment::markable_434::Sentiment=True case=acc|num=sg|Negation::markable_437::EmoExpressionRef=emo-expression:markable_436|gender=fem|Negation::markable_437::Negation=True|Sentiment::markable_434::Sentiment=True case=acc|gender=fem|num=sg|Sentiment::markable_434::Sentiment=True|EmoExpression::markable_436::EmoExpression=True Sentiment::markable_434::Sentiment=True case=acc|Target::markable_444::Preferred=true|Target::markable_444::Anaphref=empty|Target::markable_438::Preferred=true|Target::markable_444::Target=True|*=True|Sentiment::markable_434::Sentiment=True|Target::markable_438::Anaphref=markable_443|num=sg|Target::markable_438::Target=True Target::markable_444::Target=True|Sentiment::markable_434::Sentiment=True|Target::markable_438::Target=True case=acc|EmoExpression::markable_100500536::Intensity=medium|EmoExpression::markable_100500536::Polarity=negative|Target::markable_444::Target=True|*=True|Sentiment::markable_434::Sentiment=True|Target::markable_438::Target=True|EmoExpression::markable_100500536::SubjectiveFact=false|num=sg|EmoExpression::markable_100500536::EmoExpression=True|EmoExpression::markable_100500536::Sarcasm=false|EmoExpression::markable_100500536::Uncertain=false Target::markable_444::Target=True|Sentiment::markable_434::Sentiment=True|Target::markable_438::Target=True case=dat|num=sg|gender=neut|Target::markable_444::Target=True|Sentiment::markable_434::Sentiment=True|Target::markable_438::Target=True Sentiment::markable_434::Sentiment=True case=nom|Sentiment::markable_439::Polarity=positive|gender=fem|Sentiment::markable_439::Sentiment=True|Sentiment::markable_439::Intensity=medium|Sentiment::markable_439::Sarcasm=false|Source::markable_440::Source=True|num=sg|Source::markable_440::Anaphref=empty EmoExpression::markable_441::Polarity=positive|EmoExpression::markable_441::EmoExpression=True|EmoExpression::markable_441::SubjectiveFact=false|Sentiment::markable_439::Sentiment=True|EmoExpression::markable_441::Uncertain=false|EmoExpression::markable_441::Sarcasm=false|EmoExpression::markable_441::Intensity=medium Sentiment::markable_439::Sentiment=True case=nom|num=sg|Source::markable_442::Source=True|Source::markable_442::Anaphref=empty|gender=fem|Sentiment::markable_439::Sentiment=True Sentiment::markable_439::Sentiment=True|Target::markable_443::Anaphref=empty|Target::markable_443::Preferred=true|Target::markable_443::Target=True Sentiment::markable_439::Sentiment=True Sentiment::markable_444::Sentiment=True|Sentiment::markable_444::Polarity=positive|Sentiment::markable_444::Intensity=medium|Sentiment::markable_444::Sarcasm=false case=nom|Sentiment::markable_444::Sentiment=True|num=pl|*=True|Source::markable_445::Source=True|Source::markable_445::Anaphref=empty Sentiment::markable_444::Sentiment=True case=dat|Source::markable_446::Source=True|Sentiment::markable_444::Sentiment=True|num=sg|Source::markable_446::Anaphref=empty|gender=fem EmoExpression::markable_447::EmoExpression=True|mood=ind|pers=3|EmoExpression::markable_447::Uncertain=false|Sentiment::markable_444::Sentiment=True|num=pl|tense=pres|EmoExpression::markable_447::SubjectiveFact=false|EmoExpression::markable_447::Intensity=medium|EmoExpression::markable_447::Polarity=positive|EmoExpression::markable_447::Sarcasm=false Sentiment::markable_444::Sentiment=True|Negation::markable_448::Negation=True|Negation::markable_448::EmoExpressionRef=emo-expression:markable_447 Sentiment::markable_444::Sentiment=True|EmoExpression::markable_447::EmoExpression=True Sentiment::markable_444::Sentiment=True
381750646153547776	neutral	Heute mal ein etwas anderes Anliegen !!! Es ist ganz egal ob ihr für CDU , FDP , Grüne , Linke , der SPD oder den ... http://t.co/4PWzzFDaAJ	heute mal eine etwas andere Anliegen !!! Es sein ganz egal ob ihr für CDU , FDP , Grüne , Linke , die SPD oder die ... http://t.co/4PWzzFDaAJ	ADV ADV ART PIAT PIS NN ADJA NN VAFIN ADV ADJD APPR PPOSAT APPR NE $, NE $, NN $, NN $, PRELS NE KON ART $. NE	7/MO 6/MO 6/NK 6/NK 6/NK 7/MO 0/-- 9/SB 7/-- 11/MO 9/PD 11/MO 12/NK 11/MO 14/NK 15/-- 15/CJ 17/-- 17/CJ 19/-- 19/CJ 21/-- 24/NK 21/CJ 24/CD 25/CJ 26/-- 27/--	_ _ case=nom|gender=masc|num=sg case=acc|gender=neut|num=sg case=acc|gender=neut|num=sg case=acc|gender=neut|num=sg case=acc|gender=neut|num=sg|pos=True case=nom|gender=neut|num=sg|pers=3 pers=3|num=sg|tense=pres|mood=ind _ _ _ case=dat|gender=fem|num=sg|pers=3 _ case=nom|gender=fem|num=sg _ case=nom|gender=fem|num=sg _ case=nom|*=True|num=pl _ case=nom|*=True|num=pl _ case=dat|gender=fem|num=sg case=dat|gender=fem|num=sg _ case=acc|gender=masc|num=sg _ _
363744124048273408	positive	RT @moerle67 : @moerle67 : Wieder mehrere Besucher auf dem #Piraten Stammtisch in Nürtingen . \ o / #Prism wirkt .	RT @moerle67 : @moerle67 : wieder mehrere Besucher auf die #Piraten Stammtisch in Nürtingen . \ o / #Prism wirken .	NE NN $. NN $. ADV PIAT NN APPR ART NN NN APPR NE $. XY NE $( VVIMP VVFIN $.	2/SB 0/-- 2/-- 3/-- 4/-- 8/MO 8/NK 5/-- 8/MNR 11/NK 9/NK 11/NK 11/MNR 13/NK 14/-- 15/-- 15/-- 17/-- 20/MO 15/-- 20/--	case=nom|*=True|num=sg case=nom|*=True|num=sg _ case=nom|gender=neut|num=pl _ _ case=acc|gender=masc|num=pl case=acc|gender=masc|num=pl _ case=dat|gender=masc|num=sg case=dat|gender=masc|num=sg case=nom|gender=neut|num=sg _ case=dat|gender=neut|num=sg _ EmoExpression::markable_421::Uncertain=false|EmoExpression::markable_421::EmoExpression=True|EmoExpression::markable_421::SubjectiveFact=false|EmoExpression::markable_421::Intensity=medium|EmoExpression::markable_421::Polarity=positive|EmoExpression::markable_421::Sarcasm=false EmoExpression::markable_421::EmoExpression=True EmoExpression::markable_421::EmoExpression=True _ pers=3|num=sg|tense=pres|mood=ind _
378488145462820866	negative	Lucke nennt Zuwanderer Bodensatz . Er will aber noch mal drüber nachdenken . #AfD -	Lucke nennen Zuwanderer Bodensatz . er wollen aber noch mal drüber nachdenken . #AfD -	NN VVFIN NN NN $. PPER VMFIN ADV ADV ADV PAV VVINF $. ADJA $(	2/SB 0/-- 2/SB 3/NK 4/-- 7/SB 5/-- 7/MO 10/MO 12/MO 12/NK 7/OC 12/-- 13/-- 14/--	case=nom|Source::markable_451::Source=True|Source::markable_451::Anaphref=empty|Sentiment::markable_450::Sentiment=True|gender=masc|Sentiment::markable_450::Intensity=medium|num=sg|Sentiment::markable_450::Sarcasm=false|Sentiment::markable_450::Polarity=negative pers=3|num=sg|tense=pres|mood=ind|Sentiment::markable_450::Sentiment=True case=nom|num=sg|Sentiment::markable_450::Sentiment=True|Target::markable_452::Preferred=true|gender=masc|Target::markable_452::Target=True|Target::markable_452::Anaphref=empty case=nom|EmoExpression::markable_453::Sarcasm=false|Sentiment::markable_450::Sentiment=True|gender=masc|EmoExpression::markable_453::Intensity=medium|num=sg|EmoExpression::markable_453::Uncertain=false|EmoExpression::markable_453::SubjectiveFact=false|EmoExpression::markable_453::Polarity=negative|EmoExpression::markable_453::EmoExpression=True Sentiment::markable_450::Sentiment=True case=nom|gender=masc|num=sg|pers=3 pers=3|num=sg|tense=pres|mood=ind _ _ _ _ _ _ _ _
351736775833690113	positive	RT @Dukes_Secretary : Bei der #BTW2013 in 83  Tag ( en ) den Politikwechsel wählen ! Keine Stimme für #CDU # C ... http://t.co/Q7csJrHaos	RT @Dukes_Secretary : bei die #BTW2013 in @card@ Tag ( en ) die Politikwechsel wählen ! keine Stimme für #CDU # C ... http://t.co/Q7csJrHaos	NE NE $. APPR ART NN APPR CARD NN $( FM $( ART NN VVINF $. PIAT NN APPR NN XY NN $. NN	2/PNC 0/-- 2/-- 15/MO 6/NK 4/NK 6/MNR 9/NK 7/NK 9/-- 9/APP 11/-- 14/NK 15/OA 3/-- 15/-- 18/NK 16/-- 18/MNR 19/NK 20/NK 20/NK 22/-- 20/NMC	case=nom|*=True|num=sg case=nom|*=True|num=sg _ _ case=dat|gender=fem|num=sg case=dat|gender=fem|num=sg _ _ case=dat|gender=masc|num=sg _ _ _ case=acc|gender=masc|num=sg case=acc|gender=masc|num=sg _ _ case=nom|Sentiment::markable_454::Polarity=positive|Sentiment::markable_454::Intensity=medium|gender=fem|Negation::markable_457::Negation=True|num=sg|Negation::markable_457::EmoExpressionRef=emo-expression:markable_456|Sentiment::markable_454::Sentiment=True|Sentiment::markable_454::Sarcasm=false case=nom|EmoExpression::markable_456::Uncertain=false|gender=fem|EmoExpression::markable_456::Intensity=medium|num=sg|EmoExpression::markable_456::EmoExpression=True|EmoExpression::markable_456::SubjectiveFact=false|EmoExpression::markable_456::Sarcasm=false|Sentiment::markable_454::Sentiment=True|EmoExpression::markable_456::Polarity=positive Sentiment::markable_454::Sentiment=True case=acc|Target::markable_455::Target=True|num=sg|Target::markable_455::Preferred=true|gender=fem|Sentiment::markable_454::Sentiment=True|Target::markable_455::Anaphref=empty case=acc|gender=fem|num=sg case=acc|gender=fem|num=sg _ case=dat|gender=neut|num=pl
380966933102751744	negative	auch #cdu thomas de maiziere hat sich auf wahlfourm #riesa gestern gegen zweitstimme für die #fdp ausgesprochen	auch #cdu Thomas de maiziere haben sich auf wahlfourm #riesa gestern gegen Zweitstimme für die #fdp ausgesprochen	ADV NN NE NE NN VAFIN PRF APPR ADJA NN ADV APPR NN APPR ART NN ADJD	2/MO 6/SB 5/PNC 5/PNC 2/NK 0/-- 17/OA 17/MO 10/NK 8/NK 10/MO 10/MNR 12/NK 13/MNR 16/NK 14/NK 6/OC	Sentiment::markable_458::Sarcasm=false|Sentiment::markable_458::Sentiment=True|Sentiment::markable_458::Intensity=medium|Sentiment::markable_458::Polarity=negative case=nom|num=sg|Source::markable_459::Source=True|gender=masc|Source::markable_459::Anaphref=empty|Sentiment::markable_458::Sentiment=True case=nom|gender=masc|Source::markable_459::Source=True|num=sg|Sentiment::markable_458::Sentiment=True Source::markable_459::Source=True|*=True|Sentiment::markable_458::Sentiment=True case=acc|gender=masc|Source::markable_459::Source=True|num=pl|Sentiment::markable_458::Sentiment=True pers=3|num=sg|tense=pres|mood=ind|Sentiment::markable_458::Sentiment=True case=acc|EmoExpression::markable_460::EmoExpression=True|Sentiment::markable_458::Sentiment=True|pers=3|num=sg|EmoExpression::markable_460::Polarity=negative|EmoExpression::markable_460::Intensity=medium|EmoExpression::markable_460::Uncertain=false|EmoExpression::markable_460::Sarcasm=false|EmoExpression::markable_460::SubjectiveFact=false Sentiment::markable_458::Sentiment=True case=acc|gender=masc|num=sg|pos=True|Sentiment::markable_458::Sentiment=True case=acc|gender=masc|num=sg|Sentiment::markable_458::Sentiment=True Sentiment::markable_458::Sentiment=True EmoExpression::markable_460::EmoExpression=True|Sentiment::markable_458::Sentiment=True case=acc|num=sg|Target::markable_461::Preferred=true|gender=fem|Target::markable_461::Target=True|Target::markable_461::Anaphref=empty|Sentiment::markable_458::Sentiment=True Target::markable_461::Target=True|Sentiment::markable_458::Sentiment=True case=acc|gender=fem|num=sg|Target::markable_461::Target=True|Sentiment::markable_458::Sentiment=True case=acc|gender=fem|num=sg|Target::markable_461::Target=True|Sentiment::markable_458::Sentiment=True EmoExpression::markable_460::EmoExpression=True|Sentiment::markable_458::Sentiment=True
374059157327847424	positive	RT @GregorMo : Chef der FDP - Wahlkampagne im Spiegel : " Die FDP hat sich für digitale Hausbesuche entschieden . " Heimliche Onlinedurchsuchung ? …	RT @GregorMo : Chef die FDP - Wahlkampagne in Spiegel : " die FDP haben sich für digital Hausbesuch entscheiden . " heimlich Onlinedurchsuchung ? …	NE NE $. NN ART NE $( NN APPRART NN $. $( ART NE VAFIN PRF APPR ADJA NN VVPP $. $( ADJA NN $. ADJA	2/PNC 0/-- 2/-- 8/AG 6/NK 4/AG 6/-- 15/CJ 8/MNR 9/NK 10/-- 11/-- 14/NK 15/SB 3/-- 20/OA 20/MO 19/NK 17/NK 15/OC 20/-- 21/-- 24/NK 22/-- 24/-- 25/--	case=nom|*=True|num=sg case=nom|*=True|num=sg _ case=nom|gender=masc|num=sg case=gen|gender=fem|num=sg case=gen|gender=fem|num=sg _ case=nom|gender=masc|num=pl case=dat|gender=masc|num=sg case=dat|gender=masc|num=sg _ Sentiment::markable_463::Polarity=positive|Sentiment::markable_463::Sentiment=True|Sentiment::markable_463::Sarcasm=false|Sentiment::markable_463::Intensity=medium case=nom|num=sg|Sentiment::markable_463::Sentiment=True|Source::markable_464::Source=True|gender=fem|Source::markable_464::Anaphref=empty case=nom|gender=fem|num=sg|Source::markable_464::Source=True|Sentiment::markable_463::Sentiment=True pers=3|num=sg|tense=pres|mood=ind|Sentiment::markable_463::Sentiment=True case=acc|Sentiment::markable_463::Sentiment=True|EmoExpression::markable_465::Polarity=positive|EmoExpression::markable_465::Uncertain=false|EmoExpression::markable_465::EmoExpression=True|EmoExpression::markable_465::Intensity=medium|pers=3|num=sg|EmoExpression::markable_465::Sarcasm=false|EmoExpression::markable_465::SubjectiveFact=false EmoExpression::markable_465::EmoExpression=True|Sentiment::markable_463::Sentiment=True case=acc|Sentiment::markable_463::Sentiment=True|gender=neut|pos=True|Target::markable_466::Anaphref=empty|Target::markable_466::Target=True|num=pl|Target::markable_466::Preferred=true case=acc|gender=neut|Target::markable_466::Target=True|num=pl|Sentiment::markable_463::Sentiment=True _ EmoExpression::markable_465::EmoExpression=True|Sentiment::markable_463::Sentiment=True Sentiment::markable_463::Sentiment=True case=nom|gender=fem|num=sg|pos=True case=nom|gender=fem|num=sg _ _
348144573484236801	neutral	RT @0815Klaus : CDU / FDP Reg. in Sachsen und CSU / FDP Reg. in Bayern . Was unterscheidet die ? Nichts die Bayern haben #Mollath Die sachsen habe…	RT @0815Klaus : CDU / FDP Reg. in Sachsen und CSU / FDP Reg. in Bayern . was unterscheiden die ? nichts die Bayer haben #Mollath die sachsen habe…	NE NN $. NE $( NE NN APPR NE KON NE $( NE NN APPR NE $. PWS VVFIN PDS $. PIS ART NN VAFIN ADJD ART ADJA ADJA	2/SB 0/-- 2/-- 7/AG 4/-- 4/CJ 3/-- 7/MNR 8/NK 9/CD 10/CJ 11/-- 14/NK 11/APP 14/MNR 15/NK 16/-- 19/SB 17/-- 19/SB 20/-- 25/SB 24/NK 22/OA 21/-- 25/MO 28/MO 29/MO 25/CJ	case=nom|*=True|num=sg case=nom|*=True|num=sg _ case=nom|gender=fem|num=sg _ case=nom|gender=fem|num=sg case=nom|gender=fem|num=sg _ case=dat|gender=neut|num=sg _ case=dat|gender=fem|num=sg _ case=dat|gender=fem|num=sg case=dat|gender=fem|num=sg _ case=dat|gender=neut|num=sg _ case=nom|gender=neut|num=sg pers=3|num=sg|tense=pres|mood=ind case=nom|gender=fem|num=sg _ gender=neut|*=True case=nom|gender=fem|num=sg case=acc|gender=neut|num=sg pers=3|num=pl|tense=pres|mood=ind case=nom|gender=masc|num=pl|pos=True case=nom|gender=masc|num=pl case=nom|gender=masc|num=pl|pos=True case=nom|gender=masc|num=pl|pos=True
378273416618713088	negative	#Jürgen , man wählt ( in #Deutschland #Schland ) nie einen #Politiker , sondern immer nur eine #Partei und deren #Wahlprogramm . #debatte	#Jürgen , man wählen ( in #Deutschland #Schland ) nie eine #Politiker , sondern immer nur eine #Partei und die #Wahlprogramm . #debatte	NN $, PIS VVFIN $( APPR NN NN $( ADV ART NN $, KON ADV ADV ART NN KON PDAT NN $. NN	4/MO 1/-- 4/SB 0/-- 4/-- 4/MO 6/NK 7/NK 8/-- 4/MO 12/NK 4/OA 12/-- 12/CD 18/MO 18/MO 18/NK 14/CJ 18/CD 21/NK 19/CJ 21/-- 22/--	_ _ case=nom|*=True|num=sg pers=3|num=sg|tense=pres|mood=ind _ _ case=dat|gender=neut|num=sg case=dat|gender=neut|num=sg _ _ case=acc|gender=masc|num=sg case=acc|gender=masc|num=sg _ _ _ _ case=nom|gender=fem|num=sg case=nom|gender=fem|num=sg _ case=gen|gender=fem|num=sg case=gen|gender=fem|num=sg _ EmoExpression::markable_100500537::Uncertain=false|EmoExpression::markable_100500537::Polarity=negative|EmoExpression::markable_100500537::Sarcasm=false|mood=ind|pers=3|num=sg|tense=past|EmoExpression::markable_100500537::Intensity=weak|EmoExpression::markable_100500537::SubjectiveFact=true|EmoExpression::markable_100500537::EmoExpression=True
383932504115519488	negative	RT @ndaktuell : #Linke-Chef @b_riexinger : #SPD-Basisentscheid ist eine " Farce " . @SevimDagdelen : SPD begeht " Wahlbetrug " http://t.co/4pLzh4XJ …	RT @ndaktuell : #Linke-Chef @b_riexinger : #SPD-Basisentscheid sein eine " Farce " . @SevimDagdelen : SPD begehen " Wahlbetrug " http://t.co/4pLzh4XJ …	NE ADJD $. NN NN $. NN VAFIN ART $( NN $( $. NN $. NE VVFIN $( NN $( NN ADJA	0/-- 1/PD 2/-- 3/-- 4/NK 5/-- 8/SB 6/-- 11/NK 11/-- 8/PD 11/-- 12/-- 13/-- 14/-- 17/SB 15/-- 17/-- 17/OA 19/-- 22/OA 19/NK	case=nom|*=True|num=sg pos=True _ case=nom|Sentiment::markable_467::Sentiment=True|Sentiment::markable_467::Sarcasm=false|Source::markable_468::Source=True|Sentiment::markable_467::Polarity=negative|gender=masc|Sentiment::markable_467::Intensity=medium|num=sg|Source::markable_468::Anaphref=empty case=nom|gender=masc|num=sg|Source::markable_468::Source=True|Sentiment::markable_467::Sentiment=True Sentiment::markable_467::Sentiment=True case=nom|Sentiment::markable_467::Sentiment=True|num=sg|Target::markable_469::Anaphref=empty|gender=neut|Target::markable_469::Preferred=true|Target::markable_469::Target=True pers=3|Sentiment::markable_467::Sentiment=True|num=sg|tense=pres|mood=ind case=nom|gender=fem|num=sg|Sentiment::markable_467::Sentiment=True Sentiment::markable_467::Sentiment=True case=nom|Sentiment::markable_467::Sentiment=True|EmoExpression::markable_470::Intensity=medium|gender=fem|EmoExpression::markable_470::EmoExpression=True|EmoExpression::markable_470::Sarcasm=false|num=sg|EmoExpression::markable_470::Uncertain=false|EmoExpression::markable_470::SubjectiveFact=false|EmoExpression::markable_470::Polarity=negative Sentiment::markable_467::Sentiment=True Sentiment::markable_467::Sentiment=True case=nom|Sentiment::markable_471::Sarcasm=false|gender=neut|Sentiment::markable_471::Polarity=negative|Source::markable_472::Anaphref=empty|num=sg|Sentiment::markable_471::Intensity=medium|Source::markable_472::Source=True|Sentiment::markable_471::Sentiment=True Sentiment::markable_471::Sentiment=True case=nom|Target::markable_473::Target=True|num=sg|Target::markable_473::Preferred=true|gender=fem|Target::markable_473::Anaphref=empty|Sentiment::markable_471::Sentiment=True pers=3|num=sg|tense=pres|mood=ind|Sentiment::markable_471::Sentiment=True Sentiment::markable_471::Sentiment=True case=acc|EmoExpression::markable_474::Polarity=negative|EmoExpression::markable_474::SubjectiveFact=false|EmoExpression::markable_474::Sarcasm=false|gender=masc|EmoExpression::markable_474::Uncertain=false|EmoExpression::markable_474::EmoExpression=True|num=sg|EmoExpression::markable_474::Intensity=medium|Sentiment::markable_471::Sentiment=True Sentiment::markable_471::Sentiment=True case=acc|gender=fem|num=sg case=acc|gender=fem|num=sg|pos=True
383354424959467520	neutral	RT @Piratenpartei : 45  Minuten Werbung für eine Mitgliedschaft in der Piratenpartei. http://t.co/MCSoZIPD9A #worldwidewar #zdfzoom #doku #PR …	RT @Piratenpartei : @card@ Minute Werbung für eine Mitgliedschaft in die Piratenpartei. http://t.co/MCSoZIPD9A #worldwidewar #zdfzoom #doku #PR …	NE NN $. CARD NN NN APPR ART NN APPR ART NN NN NE NN NN NN ADJA	2/SB 0/-- 2/-- 5/NK 18/AMS 5/NK 5/MNR 9/NK 7/NK 9/MNR 12/NK 10/NK 12/NK 13/NK 16/NK 5/CJ 16/NK 3/--	case=nom|gender=fem|num=sg case=nom|gender=fem|num=sg _ _ case=acc|gender=fem|num=pl case=nom|gender=fem|num=sg _ case=acc|gender=fem|num=sg case=acc|gender=fem|num=sg _ case=dat|gender=fem|num=sg case=dat|gender=fem|num=sg case=nom|gender=fem|num=sg case=nom|gender=fem|num=sg case=nom|gender=fem|num=sg case=nom|gender=fem|num=sg case=nom|gender=fem|num=sg case=nom|gender=fem|num=sg|pos=True
346904260463702017	positive	SPD - Spitzenkandidat bei Illner : Mehr Genosse Peer - Spiegel Online - http://t.co/vsPWtVE9qm	SPD - Spitzenkandidat bei Illner : mehr Genosse Peer - Spiegel Online - http://t.co/vsPWtVE9qm	NE $( NN APPR NE $. PIAT NN NE $( NN NE $( VVIMP	0/-- 1/-- 1/APP 3/MNR 4/NK 5/-- 8/NK 5/PAR 12/PNC 9/-- 12/PNC 8/NK 12/-- 11/NK	case=nom|gender=fem|num=sg EmoExpression::markable_100500538::Sarcasm=false|EmoExpression::markable_100500538::Uncertain=false|EmoExpression::markable_100500538::Intensity=medium|EmoExpression::markable_100500538::SubjectiveFact=false|EmoExpression::markable_100500512::Polarity=positive|EmoExpression::markable_100500512::Sarcasm=false|EmoExpression::markable_100500512::Uncertain=false|EmoExpression::markable_100500512::Intensity=medium|EmoExpression::markable_100500512::EmoExpression=True|EmoExpression::markable_100500538::Polarity=positive|EmoExpression::markable_100500512::SubjectiveFact=false|EmoExpression::markable_100500538::EmoExpression=True case=nom|gender=masc|EmoExpression::markable_100500538::EmoExpression=True|num=sg _ case=dat|*=True|num=sg _ *=True *=True case=nom|gender=masc|num=sg _ case=nom|gender=masc|num=sg case=nom|gender=masc|num=sg _ _
380916956062154752	neutral	Wahl - Endspurt 2013 : Noch zwei Tage bis zur Bundestagswahl . Während der Ausgang völlig offen ist , zeichnet sich ... http://t.co/MgqOTn5QFP	Wahl - Endspurt @card@ : noch zwei Tag bis zu Bundestagswahl . während die Ausgang völlig offen sein , zeichnen sich ... http://t.co/MgqOTn5QFP	NN $( NN CARD $. ADV CARD NN KON APPRART NN $. KOUS ART NN ADJD ADJD VAFIN $, VVFIN PRF $. NN	0/-- 1/-- 1/CJ 3/NK 4/-- 8/MO 8/NK 3/PAR 8/CD 9/CJ 10/NK 11/-- 18/CP 15/NK 18/SB 17/MO 18/PD 20/MO 18/-- 12/-- 20/OA 21/-- 22/--	case=nom|gender=fem|num=sg _ case=nom|gender=fem|num=sg _ _ _ _ case=acc|gender=masc|num=pl _ case=dat|gender=fem|num=sg case=dat|gender=fem|num=sg _ _ case=nom|gender=masc|num=sg case=nom|gender=masc|num=sg pos=True pos=True pers=3|num=sg|tense=pres|mood=ind _ pers=3|num=sg|tense=pres|mood=ind case=acc|pers=3|num=sg _ case=nom|gender=fem|num=sg
378231517119401984	positive	Warum sind eigentlich die Piraten beim SR nicht eingeladen ? Sind immerhin im Landtag , die FDP nicht . #wahlarena	warum sein eigentlich die Pirat bei SR nicht einladen ? sein immerhin in Landtag , die FDP nicht . #wahlarena	PWAV VAFIN ADV ART NN APPRART NE PTKNEG VVPP $. VAFIN ADV APPRART NN $, PRELS NE PTKNEG $. NN	9/MO 0/-- 9/MO 5/NK 2/SB 5/MNR 6/NK 9/NG 2/OC 9/-- 10/-- 11/MO 11/MO 13/NK 14/-- 17/NK 11/SB 11/NG 18/-- 19/--	_ pers=3|num=pl|tense=pres|mood=ind _ case=nom|gender=masc|num=pl case=nom|gender=masc|num=pl case=dat|gender=neut|num=sg case=dat|gender=neut|num=sg _ EmoExpression::markable_100500539::EmoExpression=True|EmoExpression::markable_100500539::Uncertain=false|EmoExpression::markable_100500539::Intensity=medium|EmoExpression::markable_100500539::SubjectiveFact=false|EmoExpression::markable_100500539::Sarcasm=false|EmoExpression::markable_100500539::Polarity=positive _ pers=3|num=pl|tense=pres|mood=ind _ case=dat|gender=masc|num=sg case=dat|gender=masc|num=sg _ case=nom|gender=fem|num=sg case=nom|gender=fem|num=sg _ _ case=nom|gender=neut|num=sg
380725797918900224	positive	Hahaha ! Ströbele steht allein auf der Warschauer und verteilt Grünen - Flyer ! Dann nehm ich heute glaub ich mal sein Fahrrad , statt die Bahn .	Hahaha ! Ströbele stehen allein auf die Warschauer und verteilen Grüne - Flyer ! dann nehm ich heute glauben ich mal sein Fahrrad , statt die Bahn .	NN $. NN VVFIN ADV APPR ART NN KON VVFIN NN $( NN $. ADV VVFIN PPER ADV VVIMP PPER ADV PPOSAT NN $, KOUI ART NN $.	0/-- 1/-- 4/SB 2/-- 4/MO 4/MO 8/NK 6/NK 4/CD 9/CJ 10/OA 11/-- 10/OA 13/-- 16/MO 14/-- 16/SB 16/MO 16/MO 16/SB 16/MO 23/NK 16/OA 23/-- 27/MNR 27/NK 23/CJ 27/--	case=nom|EmoExpression::markable_462::SubjectiveFact=false|EmoExpression::markable_462::Sarcasm=false|gender=masc|EmoExpression::markable_462::EmoExpression=True|EmoExpression::markable_462::Intensity=strong|num=sg|EmoExpression::markable_462::Polarity=positive|EmoExpression::markable_462::Uncertain=false EmoExpression::markable_462::EmoExpression=True case=nom|gender=fem|num=sg pers=3|num=sg|tense=pres|mood=ind _ _ case=dat|gender=fem|num=sg case=dat|gender=fem|num=sg _ pers=3|num=sg|tense=pres|mood=ind case=nom|*=True|num=sg _ case=acc|gender=masc|num=pl _ _ pers=1|num=sg|tense=pres|mood=ind case=nom|*=True|num=sg|pers=1 _ pers=1|num=sg|tense=pres|mood=ind case=nom|*=True|num=sg|pers=1 _ case=acc|gender=neut|num=sg case=acc|gender=neut|num=sg _ _ case=nom|gender=fem|num=sg case=nom|gender=fem|num=sg _
379296521461968896	neutral	RT @muenchen_de : Die ersten Hochrechnungen sind da ! Hier könnt Ihr die Wahlergebnisse der Landtagswahl 2013  live verfolgen : http://t.co/axu …	RT @muenchen_de : die erst Hochrechnung sein da ! hier können sie die Wahlergebnis die Landtagswahl @card@ live verfolgen : http://t.co/axu …	NE ADJD $. ART ADJA NN VAFIN ADV $. ADV VMFIN PPER ART NN ART NN CARD ADJD VVINF $. NN ADJA	0/-- 1/PD 2/-- 6/NK 6/NK 7/SB 3/-- 7/MO 8/-- 11/MO 9/-- 11/SB 14/NK 19/OA 16/NK 14/AG 16/NK 19/MO 11/OC 19/-- 22/MO 19/CJ	case=nom|*=True|num=sg pos=True _ case=nom|gender=fem|num=pl case=nom|gender=fem|num=pl|pos=True case=nom|gender=fem|num=pl pers=3|num=pl|tense=pres|mood=ind _ _ _ pers=2|num=pl|tense=pres|mood=ind case=nom|*=True|num=pl|pers=2 case=acc|gender=neut|num=pl case=acc|gender=neut|num=pl case=gen|gender=fem|num=sg case=gen|gender=fem|num=sg _ pos=True _ _ case=dat|gender=masc|num=sg case=dat|gender=masc|num=sg|pos=True
365951408320692226	negative	RT @Xylophilon : @mipff Ja , ein einziger Satz von #Marx , der #Steinbrück''s #SPD - restlos entlarvt : http://t.co/GNlfliTCQL #Politik #CDU - #GR …	RT @Xylophilon : @mipff Ja , eine einzig Satz von #Marx , die #Steinbrück''s #SPD - restlos entlarven : http://t.co/GNlfliTCQL #Politik #CDU - #GR …	NE NN $. ADJA NN $, ART ADJA NN APPR NN $, ART ADJA NN $( ADJD VVPP $. NN NN NN $( NN ADJD	2/SB 0/-- 2/-- 3/-- 4/-- 5/-- 9/NK 9/NK 5/APP 9/PG 10/NK 11/-- 15/NK 15/NK 9/CJ 15/-- 18/MO 15/OC 18/-- 15/CJ 20/NK 20/CJ 22/-- 22/CJ 24/PD	case=nom|*=True|num=sg case=nom|*=True|num=sg _ _ case=nom|gender=neut|num=sg _ case=nom|gender=masc|num=sg case=nom|gender=masc|num=sg|pos=True case=nom|gender=masc|num=sg _ case=nom|gender=masc|num=sg _ case=nom|gender=masc|num=sg case=nom|Target::markable_476::Anaphref=empty|Target::markable_476::Preferred=true|Sentiment::markable_475::Intensity=strong|gender=masc|pos=True|num=sg|Sentiment::markable_475::Polarity=negative|Target::markable_476::Target=True|Sentiment::markable_475::Sentiment=True|Sentiment::markable_475::Sarcasm=false case=nom|gender=masc|Sentiment::markable_475::Sentiment=True|num=sg|Target::markable_476::Target=True Sentiment::markable_475::Sentiment=True Sentiment::markable_475::Sentiment=True|Intensifier::markable_478::Intensifier=True|pos=True|Intensifier::markable_478::EmoExpressionRef=emo-expression:markable_477|Intensifier::markable_478::Degree=medium EmoExpression::markable_477::SubjectiveFact=false|EmoExpression::markable_477::EmoExpression=True|EmoExpression::markable_477::Polarity=negative|Sentiment::markable_475::Sentiment=True|EmoExpression::markable_477::Intensity=medium|EmoExpression::markable_477::Uncertain=false|EmoExpression::markable_477::Sarcasm=false _ case=nom|gender=fem|num=sg case=nom|gender=fem|num=sg case=nom|gender=fem|num=sg _ case=nom|gender=fem|num=sg pos=True
379250304912719872	neutral	@einfach_lieben ohne " n " , alles andere lass bei der npd	@einfach_lieben ohne " N " , alle andere laß bei die npd	NN APPR $( NE $( $, PIAT PIS ADJD APPR ART ADJA	0/-- 1/-- 4/-- 2/NK 4/-- 5/-- 8/NK 10/SB 10/MO 2/CJ 12/NK 10/NK	_ _ _ _ _ _ case=nom|gender=neut|num=sg case=nom|gender=neut|num=sg _ _ case=dat|gender=fem|num=sg case=dat|gender=fem|num=sg
371978651023052800	negative	Griechenland hat sich bzgl. der Massenentlassungen von Staatsdienern wohl festgelegt #cdu #csu #spd #grüne #fdp #linke #piraten #afd #btw13	Griechenland haben sich bzgl. die Massenentlassung von Staatsdiener wohl festlegen #cdu #csu #spd #grüne #fdp #linke #piraten #afd #btw13	NE VAFIN PRF APPR ART NN APPR NN ADV VVPP NN NN ADJD ADJA NN ADJA NN ADJA NN	2/SB 0/-- 10/OA 10/MO 6/NK 4/NK 6/PG 7/NK 10/MO 2/OC 10/PAR 11/NK 14/MO 15/NK 11/CJ 17/NK 15/CJ 19/NK 17/NK	case=nom|gender=neut|num=sg pers=3|num=sg|tense=pres|mood=ind case=acc|pers=3|num=sg _ case=gen|gender=fem|num=pl case=gen|gender=fem|EmoExpression::markable_100500540::SubjectiveFact=true|EmoExpression::markable_100500540::Sarcasm=false|num=pl|EmoExpression::markable_100500540::Polarity=negative|EmoExpression::markable_100500540::EmoExpression=True|EmoExpression::markable_100500540::Uncertain=false|EmoExpression::markable_100500540::Intensity=medium _ case=dat|gender=masc|num=pl _ _ case=nom|gender=fem|num=sg case=nom|gender=fem|num=sg pos=True case=nom|gender=fem|num=sg|pos=True case=nom|gender=fem|num=sg case=acc|gender=fem|num=pl|pos=True case=acc|gender=masc|num=sg case=acc|gender=masc|num=sg|pos=True case=acc|gender=masc|num=sg
378253207585443840	negative	Umfrage - Tief : Das grüne Doppel hat sich verzockt . Trittin den Hintern ! http://t.co/IDWn92jWNf	Umfrage - Tief : die grün Doppel haben sich verzockt . Trittin die Hintern ! http://t.co/IDWn92jWNf	NN $( NN $. ART ADJA NN VAFIN PRF ADJD $. NN ART NN $. NN	8/VO 1/-- 1/CJ 3/-- 7/NK 7/NK 8/SB 0/-- 10/OA 8/OC 10/-- 11/-- 14/NK 12/DA 14/-- 15/--	case=nom|gender=fem|num=sg _ case=nom|gender=masc|num=sg _ case=nom|Target::markable_480::Anaphref=empty|gender=neut|num=sg|Sentiment::markable_479::Intensity=medium|Sentiment::markable_479::Sentiment=True|Sentiment::markable_479::Sarcasm=false|Sentiment::markable_479::Polarity=negative|Target::markable_480::Target=True|Target::markable_480::Preferred=true case=nom|num=sg|Sentiment::markable_479::Sentiment=True|gender=neut|Target::markable_480::Target=True|pos=True case=nom|gender=neut|Target::markable_480::Target=True|num=sg|Sentiment::markable_479::Sentiment=True pers=3|num=sg|tense=pres|mood=ind|Sentiment::markable_479::Sentiment=True case=acc|EmoExpression::markable_481::EmoExpression=True|EmoExpression::markable_481::Polarity=negative|EmoExpression::markable_481::Sarcasm=false|pers=3|EmoExpression::markable_481::Intensity=medium|num=sg|Sentiment::markable_479::Sentiment=True|EmoExpression::markable_481::SubjectiveFact=false|EmoExpression::markable_481::Uncertain=false EmoExpression::markable_481::EmoExpression=True|Sentiment::markable_479::Sentiment=True Sentiment::markable_479::Sentiment=True case=nom|EmoExpression::markable_482::Intensity=strong|EmoExpression::markable_482::Uncertain=false|EmoExpression::markable_482::Sarcasm=false|EmoExpression::markable_482::EmoExpression=True|gender=fem|EmoExpression::markable_482::Polarity=negative|num=sg|Sentiment::markable_479::Sentiment=True|EmoExpression::markable_482::SubjectiveFact=false case=dat|gender=masc|num=pl|EmoExpression::markable_482::EmoExpression=True|Sentiment::markable_479::Sentiment=True case=dat|gender=masc|num=pl|EmoExpression::markable_482::EmoExpression=True|Sentiment::markable_479::Sentiment=True Sentiment::markable_479::Sentiment=True case=nom|gender=masc|num=sg
374343743425761280	neutral	RT @florianeisele : Hat #Steinbrueck und sein Wahlkampfteam wirklich gedacht , dass sie so die Wahl noch drehen können ? #SPD #tvduell	RT @florianeisele : haben #Steinbrueck und sein Wahlkampfteam wirklich denken|gedenken , dass sie so die Wahl noch drehen können ? #SPD #tvduell	NE VVFIN $. VAFIN NN KON PPOSAT NN ADJD VVPP $, KOUS PPER ADV ART NN ADV VVINF VMINF $. ADJA NN	2/SB 0/-- 2/-- 3/-- 4/SB 5/CD 8/NK 6/CJ 10/MO 4/OC 10/-- 19/CP 19/SB 19/MO 16/NK 18/OA 18/MO 19/OC 10/MO 19/-- 22/NK 20/--	case=nom|*=True|num=sg pers=3|num=sg|tense=pres|mood=subj _ pers=3|num=sg|tense=pres|mood=ind case=nom|gender=masc|num=sg _ case=nom|gender=masc|num=sg case=nom|gender=masc|num=sg pos=True _ _ _ case=nom|*=True|num=pl|pers=3 _ case=acc|gender=fem|num=sg case=acc|gender=fem|num=sg _ _ _ _ _ pos=True
374140917697241088	neutral	@Wally44 Ich nicht . Beide aus verschiedenen Gründen nicht wählbar . Daran werden auch ein paar Stunden mit Stefan Raab nichts ändern .	@Wally44 ich nicht . beide aus verschieden Grund nicht wählbar . daran werden auch eine paar Stunde|Stunden mit Stefan Raab nichts ändern .	NN PPER PTKNEG $. PIS APPR ADJA NN PTKNEG ADJD $. PAV VAFIN ADV ART PIAT NN APPR NE NE PIS VVINF $.	0/-- 3/SB 1/-- 3/-- 10/SB 10/MO 8/NK 6/NK 10/NG 4/-- 10/-- 17/NK 11/-- 17/MO 16/NK 17/NK 13/SB 17/MNR 20/PNC 18/NK 22/OA 13/OC 22/--	case=nom|gender=masc|num=sg case=nom|*=True|num=sg|pers=1 _ _ case=nom|*=True|num=pl _ case=dat|gender=masc|num=pl|pos=True case=dat|gender=masc|num=pl _ pos=True _ _ pers=3|num=pl|tense=pres|mood=ind _ *=True *=True case=acc|gender=fem|num=pl _ case=dat|gender=masc|num=sg case=dat|gender=masc|num=sg gender=neut|*=True _ _
379348414753820672	negative	@Gruene_Austria Eure Bundesobfrau meinte heute : " Die Krot der Hypo müssen wir schlucken ! " Damit sind keine Steuerentlastungen drinnen !!!	@Gruene_Austria euer Bundesobfrau meinen heute : " die Krot die Hypo müssen wir schlucken ! " damit sein keine Steuerentlastung drinnen !!!	NN PPOSAT NN VVFIN ADV $. $( ART NN ART NN VMFIN PPER VVINF $. $( PAV VAFIN PIAT NN ADV ADJA	0/-- 3/NK 4/SB 1/-- 4/MO 5/-- 6/-- 9/NK 14/OA 11/NK 9/AG 4/OC 12/SB 12/OC 14/-- 15/-- 18/NK 16/-- 20/NK 18/SB 22/MO 18/OC	case=nom|gender=fem|num=sg case=nom|gender=fem|num=sg case=nom|gender=fem|num=sg pers=3|num=sg|tense=past|mood=ind _ _ _ case=nom|gender=fem|num=sg case=nom|gender=fem|num=sg case=gen|gender=fem|num=sg case=gen|gender=fem|num=sg pers=1|num=pl|tense=pres|mood=ind case=nom|*=True|num=pl|pers=1 EmoExpression::markable_100500541::SubjectiveFact=false|EmoExpression::markable_100500541::Polarity=negative|EmoExpression::markable_100500541::Sarcasm=false|EmoExpression::markable_100500541::Uncertain=false|EmoExpression::markable_100500541::EmoExpression=True|EmoExpression::markable_100500541::Intensity=medium _ _ _ pers=3|num=pl|tense=pres|mood=ind case=nom|gender=fem|num=pl case=nom|gender=fem|num=pl _ case=nom|gender=fem|num=pl|pos=True
